-1.8882,0.27824
-2.1986,-0.33905
1.8626,-1.9998
1.8996,-2.9623
-3.0461,0.47959
-1.5798,-0.37102
-2.8878,0.20591
-2.385,0.99334
-1.5439,-0.49195
14.346,-3.4177
-2.5117,-0.0031464
15.77,-0.57079
-2.2777,-0.23164
-2.9641,-0.20192
-2.5337,0.12948
-2.0947,0.525
-2.5284,-0.085915
-2.3791,0.055303
-2.2447,0.25779
-2.1496,0.060975
8.7364,-5.0331
-2.1331,-0.081092
-2.4861,0.013152
-2.3994,0.21307
-2.5427,0.73607
12.517,-3.6362
-2.7912,0.076852
13.188,-4.2672
-2.7866,-0.012105
-2.1209,-0.32835
-2.7593,0.45109
8.4128,8.8475
-2.4451,-0.28094
-2.4497,0.15197
-1.9687,0.46003
6.1161,-5.0712
-2.3831,0.059128
7.4373,-5.4419
-1.8885,-0.41848
10.54,2.5229
-2.8703,-0.16743
-1.6998,-0.56127
-2.3012,0.17213
2.1918,1.4392
-2.5972,0.12733
-2.3486,0.69942
-2.0682,0.24648
-2.7257,0.1688
8.6697,7.5139
-2.7605,0.17871
-2.6493,0.60429
-1.9598,-0.31334
-2.1817,0.012905
-0.48981,-1.5811
-1.9016,0.41575
-2.4487,0.02725
-1.2089,-0.43417
-2.8753,0.12157
-2.7729,0.32374
-2.6884,0.066816
4.5501,-4.4018
7.2304,-4.136
-1.6914,-1.0341
-2.1387,0.38825
-2.5075,0.14783
4.3001,2.1412
15.65,0.47953
-2.1114,0.46006
-2.5395,0.7723
-2.1689,-0.27793
-3.1681,-0.47725
-2.8245,-0.20121
-2.1744,0.80347
-2.71,0.35248
2.0247,-2.1472
-2.387,0.99625
-1.3678,-0.52814
-2.2602,-0.028865
-2.7622,-0.22896
2.2288,-2.3509
-2.2887,0.16759
4.7641,-3.0466
6.0427,-1.1234
-1.7544,0.19569
-2.6384,-0.19127
-3.0022,0.60429
-2.7085,-0.31438
-1.8508,0.30457
-2.0768,0.73995
-1.3377,0.21827
-1.7952,-0.28958
-1.8671,-0.28752
-2.061,-0.54843
-1.9687,0.46003
-2.8259,0.095608
6.2085,-5.2637
-2.7678,-0.33454
-2.2704,0.44916
-0.6915,-0.43178
1.1062,-2.2691
-2.8106,-0.45324
1.8043,-2.7645
-2.3735,-0.20306
-2.2789,0.19207
-2.5483,0.12613
-1.972,0.34558
-2.2449,0.047864
-2.3966,0.75391
-2.0879,-0.020847
-1.7258,0.30065
-2.4928,0.1054
11.04,0.69847
-2.6197,0.37944
-2.4958,0.56784
-2.5532,0.28699
-1.7811,-0.33195
-2.3698,0.88704
-2.5122,-0.28712
12.461,-4.5608
-1.1752,0.29426
9.5556,-4.5695
-2.9342,-0.0075903
-2.1144,-0.95846
-0.62078,0.12709
11.458,0.43536
-2.6132,0.2658
-2.4797,0.10968
-1.8886,0.11052
5.5709,-5.1166
6.1709,-5.369
-2.6905,0.17585
-2.6973,0.14553
-1.4136,0.85812
-1.9458,1.0222
-1.6136,0.08968
6.939,-4.4074
10.535,7.277
-3.1948,0.54439
6.5162,-5.2495
-2.662,0.09044
7.2304,-4.136
6.3389,-5.3489
-2.7167,0.43484
1.7859,-2.2178
-2.9108,0.21432
-2.5954,0.041232
13.243,-4.4498
-2.964,-0.20609
14.499,-2.5864
0.56002,-0.53472
-2.1488,0.57996
-2.2565,0.48238
-1.7352,0.68254
-2.0019,0.23886
-2.5207,-0.075564
6.4596,-5.5542
-2.4718,0.53701
-2.5198,-0.026563
6.3986,-4.5669
-2.6789,-0.16783
-1.9198,0.66373
-2.4147,0.77401
-2.9414,0.29777
-2.5786,-0.0384
-2.8747,-0.21828
-2.119,0.010783
-2.6439,0.43252
-2.7944,0.15801
-1.2297,0.009672
-2.5973,0.059795
11.55,-3.7632
11.01,11.251
-2.4809,0.70955
-2.6104,0.056126
2.5648,-2.0291
-2.1612,-0.022813
-2.3025,-0.15752
-1.4834,-0.3952
-2.8526,0.15204
4.9579,-3.8379
3.996,-3.9174
13.017,-4.3517
-2.1291,0.051909
-2.6344,-0.27592
-2.2424,1.0962
-2.4323,0.78292
-2.9781,0.13014
-2.3393,0.42409
-2.1466,-0.21187
-2.1357,0.93462
-2.3478,0.73602
-2.6729,0.3984
-1.1924,-0.025404
-2.7421,-0.39459
6.2953,-5.1597
-2.5144,0.32657
-1.9867,0.21908
-2.8667,0.069154
6.2839,-1.7589
-0.99743,0.36443
14.871,-0.85916
-1.5796,-0.41069
-1.9573,0.21976
-2.3267,0.72951
-2.6493,0.22875
-2.3519,-0.15097
-2.2817,0.12271
4.1479,-3.294
-2.265,0.05615
-1.6105,-0.7644
-2.886,-0.10803
-2.2085,0.58628
-2.8262,-0.20112
-1.9279,0.29208
-1.8956,0.15084
-2.9415,-0.19635
-1.9057,0.33201
8.3009,-5.541
8.3282,-5.3489
-1.6711,-0.34803
-2.4518,0.048936
-2.325,0.34339
10.19,8.4849
-2.702,0.58441
13.193,-4.4627
-2.3158,0.50844
-2.6493,0.60429
-2.9559,-0.08497
-2.5319,0.59168
-2.7084,-0.097648
-2.9682,-0.10188
-1.721,-0.63148
-2.0631,0.96651
-1.9797,0.69571
-3.0158,0.80465
-3.0053,0.043351
-2.7479,0.20289
10.524,8.1263
-2.5042,-0.97183
9.8606,8.8134
-2.4762,0.24465
1.1749,-2.2691
-1.676,-0.12932
9.3682,6.1805
-2.1944,0.28751
-2.7044,-0.0003719
-2.446,0.38835
-2.6422,0.054591
-3.0438,-0.32633
-2.7295,0.15031
-2.2436,-0.058317
-2.1916,0.28199
-2.4718,0.53701
-2.5322,0.3335
-3.1117,-0.0067558
-2.0514,0.33592
-1.8411,0.34591
5.8569,-5.4888
15.343,-1.5647
-3.0039,1.082
15.269,-0.8765
-2.2489,-0.42492
-2.3862,0.0080105
-1.867,0.5254
-2.7524,0.091629
-2.2532,0.15635
15.101,-1.5335
-1.6261,0.58846
-1.5957,-0.36525
-2.2361,0.93075
-2.2567,0.28215
7.7421,6.4674
-2.5468,0.57386
5.5103,-5.0426
-2.482,-0.46562
-2.26,0.35016
-2.206,0.21768
-2.306,0.4104
-2.1309,0.66525
1.6612,-2.3877
-1.1572,-1.1504
-1.7673,0.853
-1.6885,0.44885
-1.7611,-0.69136
-2.2181,0.72753
-1.0384,0.17424
-1.2986,-0.22793
-2.5632,0.48813
1.4771,-2.8953
-2.1677,0.39885
-2.3088,0.085796
-2.8166,0.051515
15.101,-1.5335
9.3175,9.5864
-2.2035,0.076932
-2.7551,0.1233
-2.8583,-0.17935
-2.3975,-0.084169
-1.807,1.0427
-2.2714,0.59285
-2.1023,0.74946
-2.7286,0.69403
-1.8369,1.0824
-1.847,0.058901
-2.5253,-0.23464
-2.4465,0.065558
1.2341,-2.7512
6.575,-4.1933
-2.382,-0.32266
-2.2257,-0.50883
-2.0954,-0.75135
-1.9917,-0.79179
15.238,-1.7526
-1.8319,0.16937
-2.5271,0.73647
-3.0158,0.80465
6.4011,-4.9835
-2.2412,0.34524
-2.766,-0.1594
-2.7722,0.035223
-2.3928,0.4798
8.5329,6.9675
-2.1973,0.65847
-2.7193,0.24641
-2.4291,0.59347
-2.7747,-0.31746
-2.6549,0.40716
7.194,5.454
-2.1183,0.77094
-2.1413,-0.52494
9.0326,-4.9483
-2.1886,0.39406
-2.8058,-0.027198
7.5028,-5.573
-2.4964,0.077825
-2.7026,0.66657
1.3024,-0.71877
6.0492,-5.1112
-3.0201,-0.025076
-1.9909,0.25917
-2.8389,0.99578
-2.1625,-0.11452
-2.6157,0.73859
6.5859,-4.4979
-2.4282,-0.29371
-1.8279,0.025557
-2.0678,-0.087843
-2.9546,0.15499
-2.6082,-0.43294
-2.7417,0.12438
-2.1286,0.22539
-2.37,0.30438
-2.648,0.42084
-2.0312,0.78185
1.7968,-2.3765
-2.1525,1.2639
-2.3065,0.39542
-1.4849,0.41665
-2.7366,-0.26254
-2.393,0.94876
-2.5597,0.14516
-2.2214,-0.79357
-2.8345,-0.31851
10.461,8.7769
-1.8656,-0.12207
-2.2563,0.26861
11.29,12.086
-2.9694,0.42305
-2.3012,0.17213
3.2683,-3.458
-2.517,0.026991
-1.9753,0.081128
3.4051,-3.8904
15.121,-0.024639
-1.2698,-0.33186
-1.8371,0.15625
-2.588,0.3688
14.715,-0.67896
-1.3406,-0.051752
7.4373,-5.4419
8.3953,-5.3184
-2.2396,0.14519
-2.5479,-0.74268
10.774,1.4387
-1.9022,0.11305
-2.4129,-0.010203
13.148,-2.8175
-2.2851,-0.033872
-2.1534,1.3331
-2.6812,0.47122
-2.3278,-0.33483
-2.1303,1.0916
-0.72276,1.1557
-0.88982,-0.76273
13.246,-4.0344
14.967,-0.6163
-0.94183,-0.94415
-1.9207,-0.084838
-3.0582,-0.1717
-2.2829,-0.14784
1.361,-2.0783
-2.4748,0.47457
-2.3345,-0.12795
15.517,-0.55101
-2.8309,0.47998
-2.535,-0.041056
14.039,-3.5159
-1.7359,0.52136
-2.3709,0.44449
-2.4946,-0.54444
-2.6742,0.55039
-1.9912,0.44384
6.6164,-5.9063
-2.4298,-0.50303
-2.3359,-0.13171
10.626,11.86
-2.4961,0.45455
1.4959,-2.5585
9.792,8.0055
-2.813,0.3517
-2.4047,0.43673
-2.0122,0.4254
-1.8413,0.71523
-2.548,-0.52167
-2.2124,0.37731
-2.7111,0.14895
-2.6534,-0.21122
5.6083,-3.1874
-1.9643,0.1605
-2.8639,0.28243
6.1675,-4.1313
-2.7816,0.62415
8.0996,6.6056
-2.2995,0.32944
-2.0682,-0.76957
10.37,11.306
-2.0454,0.26245
-1.9318,0.85512
14.153,-3.0083
-2.3918,-0.42666
-2.9338,0.10887
-2.6093,-0.58252
-2.7869,-0.1764
6.3025,-5.3036
-2.5904,0.40082
-2.1193,0.17169
-2.436,-0.40619
9.37,7.8371
7.6867,-4.7816
-2.1261,-0.46847
-2.7166,-0.078607
-1.9908,0.34676
-2.5711,-0.47935
-2.3884,0.047735
-2.6606,-0.17182
-2.3565,0.03755
-2.748,0.02792
-2.1177,-0.29726
-3.013,-0.032453
-2.9143,-0.12437
-2.7652,-0.30558
-2.2412,0.49296
7.1365,-5.5138
-2.7167,0.42631
-2.5332,-0.18271
-2.6019,-0.30382
1.8345,-3.1026
-2.2076,0.11621
-2.7034,0.044204
-2.045,-0.18739
-2.099,0.40478
7.3313,-4.4703
10.851,10.62
-1.2268,-0.17545
-2.113,-0.092951
-2.362,0.59189
-2.0757,-0.40567
-1.8929,0.45971
-2.8639,0.28243
8.9544,5.2569
-3.083,0.18567
-2.591,0.049172
-2.0755,0.29478
-2.5531,0.70072
-1.7466,-0.51637
-2.249,0.25211
-2.3143,0.12647
2.9076,-3.9253
-1.7166,-0.58784
10.535,7.277
-2.911,-0.089982
-2.6887,0.42933
-2.5112,0.37862
-2.3563,-0.33707
-2.3694,0.040337
-2.7497,0.43395
-1.9774,0.57759
-2.1111,0.88888
14.541,-1.8543
8.2073,8.2293
-2.2207,-0.20662
-2.435,-0.31874
-2.7248,0.0026587
7.1613,-4.5563
-2.7618,0.7767
-2.7096,0.19861
-2.4188,-0.048083
-2.9817,-0.13793
1.6043,-2.4426
-1.7448,-0.21204
-2.1714,0.36894
-2.2059,0.79397
-1.2319,0.41294
-2.5298,0.24343
-1.9167,-0.24141
-2.5022,0.24816
-1.9909,0.25917
7.4792,-5.1247
-1.9956,-0.55976
-2.2689,0.32519
-2.7304,0.50671
-2.4762,0.24465
-1.9052,0.38059
15.869,-0.49316
-2.1308,-0.15208
10.054,8.0586
-2.362,0.59189
10.05,8.042
15.076,-0.84425
-2.4432,-0.10403
-2.3372,0.13589
-2.9334,-0.15955
2.5131,-2.1139
-2.1997,0.20409
-1.9645,0.030783
6.0137,-5.3428
5.8633,-4.1075
-2.828,-0.053429
11.202,-0.59266
-2.3694,0.040337
-1.9262,-0.63546
-2.7726,0.021757
-1.6521,-0.52077
-2.211,0.49672
-1.0919,-1.0406
-2.2566,1.1372
12.987,-4.033
-2.3591,0.92661
7.5287,6.0484
-2.8198,-0.21571
-2.8356,0.96793
-2.0749,-0.41922
-3.0349,-0.065867
-2.3059,0.38488
10.505,9.49
-2.3789,0.12007
-2.2177,-0.2855
-2.6998,0.78307
-2.2543,-0.23808
-2.4412,-0.14919
8.1781,-6.0479
7.6105,5.9407
-2.7564,0.065251
8.5714,-4.9436
-2.7375,-0.41787
-2.2422,0.34428
-1.8966,-0.14019
-2.1653,0.089757
12.374,-4.3006
-2.3345,-0.12795
5.602,-4.8875
-2.5958,0.22987
-2.1363,-0.34734
-2.4445,0.58054
-2.1719,-0.46479
-1.3051,0.044595
-2.3233,-0.01661
-2.2986,0.081621
-2.6032,0.26102
-1.9843,0.94047
-2.1169,0.53525
7.7935,-5.0785
4.8664,-4.8774
-2.2068,0.058389
12.272,-5.2972
-1.8847,0.57874
-2.6505,-0.12564
-2.4721,0.52625
-2.0502,-0.24002
-1.9198,0.25541
-2.0406,0.16587
7.2616,5.9535
5.7489,-4.6519
0.57578,0.30587
11.254,13.198
11.887,-4.636
-1.5079,0.93939
6.7879,-5.4005
-2.5282,-0.1222
-3.098,-0.22171
7.1044,-5.5877
-2.5713,-0.0079272
11.847,-3.9223
0.56002,-0.53472
-2.6369,0.29063
13.246,-4.0344
10.767,2.3416
-1.8506,-0.015883
-2.0928,0.79575
-2.0782,0.36549
-1.8369,1.2585
-2.566,-0.36872
-1.8683,-0.88841
13.782,3.6284
-1.8359,-0.84727
-1.5782,-0.35395
-2.2728,0.69592
-2.4383,-0.087906
-2.4305,-0.082934
-2.046,-0.74832
-2.0382,0.14009
-2.9393,0.48532
9.4689,7.6038
9.2193,6.6472
-2.5502,-0.13401
10.452,9.7561
-2.2084,0.24254
9.5411,8.3181
5.9282,-3.9563
-3.1741,0.052065
11.026,12.776
10.714,12.634
-1.4811,0.42973
-2.2899,0.34766
13.281,-2.9761
-2.7417,0.12438
-2.8509,-0.19149
-2.2134,-0.11447
6.3389,-5.3489
-2.4648,0.35726
-2.7527,0.41459
-1.9038,0.49714
-2.3411,-0.62128
10.15,13.388
-1.4721,-0.85278
-2.4832,0.41814
-2.9574,0.073579
-3.0254,0.29518
-2.3966,0.75391
-2.7852,0.47777
-2.7071,-0.27857
10.348,9.567
-2.2285,-0.095952
-2.447,0.32342
-2.4998,0.48028
5.4942,-4.8811
-3.3854,0.014038
-1.754,-0.48181
-1.8994,-0.54187
-2.3841,0.4917
-2.9276,0.096503
2.0738,-3.1245
-2.9183,0.17788
-2.823,-0.1408
-2.3493,0.32563
-1.6449,0.45568
-1.8099,-0.26774
-2.6641,-0.2948
-2.6651,0.13462
8.6406,9.3542
13.389,-4.1816
-2.3101,-0.39132
10.626,11.86
-2.4451,-0.28094
-2.3157,-0.11554
-2.1109,-0.28686
-2.6774,-0.45512
-1.8675,0.7703
-2.3598,-0.22124
-2.2689,0.26147
-2.6577,-0.44805
12.844,-4.5672
6.6346,-5.3899
-2.6308,0.51256
15.281,0.15011
8.2832,3.9031
-2.4316,0.56639
-2.841,0.23465
11.323,11.806
-2.7149,0.36514
-2.8707,0.083644
-2.3393,0.42409
-2.3741,0.74294
-2.5955,-0.56608
9.6453,8.8732
7.5913,-5.1343
-1.3608,2.5762
-1.9955,0.61433
-2.0012,-0.4635
-1.8707,-0.54894
8.3085,6.1841
-2.5736,0.70299
-1.9928,0.44574
14.856,-2.5611
-2.4631,0.14085
-2.4137,0.12093
-2.7162,0.14269
-2.3857,0.16692
3.7801,-4.0811
10.661,2.1827
-2.5992,-0.29597
-3.0058,0.11669
-1.7839,-0.090998
-2.4037,0.6957
14.617,-1.8964
-2.5008,0.17411
-2.6835,0.29264
-2.3911,-0.32512
-2.328,0.1282
-2.2901,0.8749
-2.1589,-0.37395
-2.1709,-0.48908
-2.8611,-0.042963
-2.4182,0.29466
13.238,-4.672
-3.1423,0.23441
-2.8865,0.054328
-2.8369,-0.32664
15.702,-0.18122
4.6358,-4.3303
-2.0804,0.048181
-2.9235,-0.12698
-2.2194,-0.0039763
-2.5173,0.070763
-2.5563,-0.091773
1.9248,-2.7668
7.3313,-4.4703
-1.8254,-0.36106
-1.7585,0.97662
-2.5912,-0.019247
-1.5695,-0.88302
-2.3912,-0.33921
-2.7668,0.23515
-2.4244,-0.49662
-2.1551,-0.33945
-1.7502,0.19657
11.648,-4.4382
-1.9961,-0.19702
-2.4712,-0.10284
11.811,6.1639
-2.835,-0.064923
8.5387,6.4634
-1.9298,0.19077
-2.3216,0.25572
-2.307,-0.49737
7.0643,-5.1017
13.151,-4.066
15.079,-0.39252
-2.5903,-0.047083
-2.0528,0.80665
2.7683,-3.4085
10.823,9.868
-2.0669,0.69066
-1.5126,0.46207
-2.6695,0.14733
-2.5559,0.031839
6.6812,-5.2988
7.1778,-4.7522
-2.345,-0.2162
5.3174,-4.6023
-2.4351,0.8064
-1.9625,-0.16764
-2.4763,1.0543
-2.2293,-0.022031
11.718,6.7465
-1.9732,0.37068
0.069657,-2.0606
-2.6139,0.031002
-2.2534,0.31237
11.259,-1.4054
-2.1737,0.87998
-2.6607,0.36463
-2.5723,0.072366
-2.4062,-0.83826
-2.072,0.45676
-3.0347,0.1691
-2.1711,0.36776
-2.0989,0.045775
-2.2346,-0.5683
-2.0814,0.065123
13.091,-2.9048
-2.1736,-0.24836
3.0376,-2.9102
-2.7618,0.7767
-2.2457,0.41292
-1.6283,0.43021
-0.99674,-0.011789
-2.6846,0.21199
-2.2116,-0.07075
-1.9955,0.61433
10.2,5.7528
-2.3751,1.0352
-2.1271,0.37156
-2.1079,-0.16388
-2.3378,-0.28221
15.238,-1.2385
5.2769,-4.8374
-2.8312,0.41001
5.3794,-4.1512
-2.924,-0.46555
-2.0514,0.33592
14.111,-1.8466
-3.0893,0.55058
-2.6148,-0.18463
-2.6453,0.13131
10.92,2.6462
4.3602,3.734
-2.96,-0.10956
15.74,-0.80991
-0.99751,0.7951
-2.2257,0.25396
-2.8033,0.11899
-2.4622,-0.25486
-2.7544,0.12151
-2.0227,0.22827
-1.9872,-0.04102
-2.5063,0.12074
-2.7118,-0.083413
-1.7465,0.59206
-2.7277,1.0898
-2.3713,-0.43902
-2.1093,0.82733
9.7185,7.7731
5.9941,-5.178
-2.7833,-0.15733
-1.9733,-0.23701
-2.7257,0.1688
-1.6947,0.42269
8.0005,-5.3884
-2.6389,0.3564
-2.4517,0.56314
-1.954,0.12936
-2.4821,0.10306
-2.7106,-0.037389
-1.4994,0.77674
-2.5264,0.47126
-2.2317,0.28245
-1.8628,0.15573
-2.144,-0.15868
-2.2855,0.11975
-2.7348,-0.062001
13.226,2.3038
-1.4784,-0.38
2.9219,-2.9653
-3.0384,-0.28334
-2.4332,0.099799
-2.4428,0.4517
-2.2984,-0.045012
-2.066,-0.4895
-2.0421,0.1648
-1.6284,-0.53991
-2.4737,-0.13555
3.4043,-3.3912
6.1646,-3.3486
-2.7054,-0.13484
-2.1989,0.1959
-2.5636,0.35397
-2.6716,0.7027
-2.0895,0.60902
-2.6719,0.49541
-1.7671,0.5278
-2.3639,0.65197
-2.0916,0.28219
-2.8477,0.14571
-2.5233,-0.61611
-2.5639,-0.23008
-2.2955,0.647
-2.2567,0.44273
5.583,-4.2008
-2.6408,0.38747
-2.4948,1.083
-2.4608,0.61764
-1.3168,-0.03394
-2.3375,0.16963
-1.5913,-0.16369
-2.8091,0.30537
-1.6632,-0.55609
-2.3491,0.13829
-2.4062,-0.45198
-2.5319,-0.21893
13.051,-4.4268
-1.7085,-0.26519
-2.3552,-0.16884
-2.3733,0.42233
9.7457,10.619
11.038,13.579
-1.7125,0.59872
-1.2152,0.26622
5.6507,-4.2364
10.057,11.462
-2.9226,-0.072789
15.708,-0.21948
6.2532,-5.0835
-2.0176,0.42543
-2.4425,-0.20387
-2.6417,0.83233
6.5722,-4.9549
-2.8464,-0.14114
-2.1478,-0.084833
-2.5381,0.10653
1.8199,-2.7685
-3.0322,0.44206
-1.9789,-0.033078
-3.2055,0.34407
-1.9185,0.99419
-1.8707,0.35768
-2.0429,-0.34254
4.978,-4.6768
5.952,-2.1792
-1.8383,-0.3043
-2.5337,-0.055781
-2.5261,-0.46415
-3.3021,-0.087884
-2.6199,0.081345
-1.8675,0.7703
-2.6442,-0.20392
-1.8013,-0.27867
-2.3892,0.79374
-1.7826,-0.21438
-0.79342,-0.15552
-2.4188,-0.048083
-2.0427,0.2218
-2.4934,0.72172
-2.5381,0.050443
-0.62554,0.46947
-2.7354,0.33374
-0.55817,2.0524
-1.7017,0.42992
15.078,-1.4381
-2.26,0.2648
-2.445,-0.32459
-2.8061,0.24246
4.6832,-4.9488
-2.4712,-0.49043
-2.0955,0.58329
-2.7601,-0.052207
-1.9997,0.49662
-2.5481,-0.043969
1.404,0.40234
14.843,-1.0161
-2.3134,-0.46844
-2.138,0.42175
11.991,-4.4775
-1.9071,-0.31796
-2.385,0.69256
-2.2112,-0.44874
14.058,-2.6471
-2.3843,1.115
-2.6494,-0.062265
9.8229,8.7548
-2.0036,-0.23951
-2.7436,0.76393
-2.5768,0.13045
-2.4382,0.29056
-3.0146,0.45355
-2.2645,0.83148
-2.6937,-0.072126
-2.4278,-0.47718
-2.5104,-0.0639
-2.2057,-0.43674
-2.4289,-0.20984
-2.4501,-0.1779
-2.5498,0.73301
10.281,10.306
13.934,-1.7288
-1.4861,0.8844
-1.8196,0.55152
-2.5561,1.262
-2.6645,0.57988
-2.3194,0.25541
-2.0396,0.78959
-1.8105,0.20571
-2.8101,0.11469
-1.8186,0.87385
-2.1456,0.17832
2.1027,-2.1046
-2.5329,0.82234
-1.6435,0.6662
-2.1018,0.51411
9.5387,7.5689
-2.4758,0.18702
-2.341,-0.31887
-2.5497,-0.15394
-2.4163,-0.35704
-2.4388,-0.23653
-2.1921,-0.12036
-2.775,0.34698
-1.4041,1.0624
-2.3213,-0.60378
7.4333,-5.6671
-1.7199,0.093619
-2.0757,-0.40567
-2.393,0.25664
-1.5266,1.2299
-1.9314,0.70064
-1.2297,0.009672
6.6044,-5.1394
2.0738,-3.1245
-1.9454,-0.22913
-2.3111,-0.16428
-2.5231,0.085987
-2.3216,0.14411
-2.6968,-0.24869
-1.9218,0.27692
-2.4027,0.40071
-2.0276,0.36835
-2.5487,0.44022
-2.26,-0.52506
-2.6236,0.092302
-1.4573,0.3479
8.0727,10.597
-1.6748,0.3628
9.7228,8.9257
-1.6683,0.26598
0.96734,0.68837
-2.3252,-0.0037594
5.4917,-4.8697
-2.1992,0.27803
8.9283,-5.2056
13.21,-4.0334
-2.568,0.4067
7.2973,-4.9075
-2.7516,0.72245
-2.6709,-0.24797
-1.9981,0.43487
6.5981,-4.9949
-2.9514,0.4667
-2.7847,0.13735
-2.7267,0.52303
-2.6316,-0.12989
-0.88011,-0.4484
-2.6941,0.14299
-2.7808,0.38021
10.145,8.6293
-2.788,-0.20244
15.018,-1.5407
-2.8103,0.026067
6.7305,-4.3986
-2.3766,-0.16336
11.991,-4.4775
-1.8769,-0.10441
-2.26,0.2648
-2.3496,0.029471
7.1044,-4.9125
-3.0165,-0.15908
-2.9556,-0.54133
-1.7927,1.1022
8.7216,-5.3363
6.9181,-5.9622
5.2228,-5.3537
6.9407,-5.6495
-2.3832,-0.14862
-2.4184,-0.18604
10.503,9.2891
-2.7391,0.19152
-1.8132,0.010012
-1.7079,-0.3848
-2.3954,0.017162
-2.9208,0.70884
6.5696,-5.4413
8.0829,5.0337
-2.238,0.26838
-2.7612,-0.10931
-2.3634,0.19145
-2.6625,0.20757
-2.3421,-0.13246
12.744,-3.6202
-2.3945,-0.4891
-2.8851,0.35041
-2.247,1.1365
5.8845,-4.9555
-3.0585,0.28349
-1.9292,0.13276
-2.4337,-0.13212
13.281,-2.9761
13.776,-1.2871
-2.6802,-0.0979
-1.8322,0.53837
6.6997,-5.2741
-2.4397,-0.12843
14.776,-1.5069
-2.4854,-0.3396
3.3774,-3.4902
-2.8035,-0.019703
-1.8849,0.41817
-2.7736,-0.68204
-2.318,0.22471
-2.2244,0.32823
-1.128,-0.15717
-1.6298,1.1723
-2.2647,-0.16185
-2.2056,0.86815
-2.7728,-0.0089544
-1.5514,0.078873
-2.2009,-0.59227
-2.5455,0.18735
-2.7526,0.91509
9.9063,10.248
-2.2436,-0.058317
-2.8681,0.19174
-1.7525,0.4392
-2.7632,0.38915
-1.291,0.43217
-2.4618,0.44572
-2.2943,0.28495
-1.292,-0.059434
-2.7833,-0.15733
-2.5696,0.41252
-2.2403,0.11781
-1.5774,0.53946
-2.4572,0.238
-2.0119,0.11773
-2.1234,0.066273
10.452,9.7561
-2.1547,-0.043467
-2.265,0.0011114
-2.2713,-0.13865
-0.75438,0.54105
-2.7622,0.12905
-1.9774,-0.33936
-2.3522,0.29634
-1.6785,1.1508
2.2343,-2.2892
-2.2395,0.81906
-2.2962,0.34106
3.7801,-4.0811
-1.7466,-0.51637
-2.051,-0.030844
-2.4478,0.33279
-1.9875,-0.023637
-2.4228,0.83517
15.528,-0.25631
-1.4573,0.3479
-2.6595,0.32999
-2.5588,-0.16264
-2.2341,-0.063801
6.3807,-4.5609
-2.8851,0.35041
-2.0898,0.21605
-1.7617,-0.56436
-2.5008,0.17411
-2.4781,-0.67639
-2.3904,0.10188
-2.4521,0.53955
15.286,-0.29187
-2.7024,0.41069
-2.3403,0.65538
9.3289,8.2301
-2.1555,-0.0054839
-1.4935,0.72613
11.47,-4.7336
-2.4593,0.60765
4.5043,-3.7263
-2.6694,-0.29356
-2.841,-0.070253
-2.5914,0.061491
-2.8368,0.3705
-2.615,0.21244
-2.0922,0.041046
-2.6991,0.58708
-2.3978,0.008416
5.9932,-5.3463
-2.3218,-0.23523
-2.1606,-0.16299
-2.5104,-0.0639
-2.4961,0.45455
-2.2785,0.20955
1.8986,-3.1073
-2.4257,0.81831
-2.495,-0.23368
8.5033,-5.3115
6.054,-4.9786
-2.7418,-0.16084
-1.4784,-0.38
7.5499,6.1214
10.383,12.738
-2.179,-0.35644
-3.007,0.062341
-2.3696,-0.14491
-2.5816,0.16387
-2.1591,0.57979
-1.6861,-0.21291
12.367,-3.8907
4.9005,-4.662
4.1687,-3.7278
-2.4519,0.10161
-2.6415,0.27658
-2.7673,0.13769
10.497,12.074
-2.7166,0.26817
-2.3031,0.00097555
8.3235,-5.9089
-2.6534,-0.21122
-2.4151,-0.45453
-1.8048,0.72216
-2.03,-0.25353
-1.882,-0.13878
-2.1087,0.36338
-1.4038,-0.017322
-2.3695,0.43377
-2.4444,0.46231
-3.2268,0.016879
3.6275,5.2178
-2.0648,0.14909
1.7659,-2.5731
7.0472,-5.9587
-2.3904,-0.13324
-2.4515,-0.32018
-2.1708,0.37064
-2.5236,0.42302
-2.7492,-0.0047891
-2.8878,-0.0080945
-2.7277,1.0898
-2.3741,0.74294
11.259,-1.4054
-2.3865,1.1053
13.798,-2.5343
-2.8733,0.087592
8.2583,8.4978
-2.1023,0.69279
-2.5585,0.25502
4.0875,-3.7673
1.4018,-2.5829
-1.2446,-0.055451
-2.5675,0.5423
5.3623,-4.7456
-2.2992,-0.15865
-1.6805,-0.050871
-1.5126,0.46207
4.7095,-3.3863
6.3739,-5.2061
-2.3065,0.39542
-2.6659,-0.22014
8.1336,8.5302
4.589,-3.9941
-2.5941,0.47317
-2.3203,0.38028
-2.4751,-0.1737
-2.3105,0.20427
-2.857,0.26193
-2.5381,0.050443
-2.3383,0.47281
-2.256,0.38074
15.109,0.39949
-2.7776,0.55137
10.003,9.5593
-2.3563,-0.33707
-2.1367,-0.14564
15.439,-0.51104
-2.6935,-0.32834
-1.9822,-0.20585
-1.6884,1.2704
-2.2709,-0.40962
14.915,-1.404
-2.22,0.45353
13.782,3.6284
-3.019,-0.17507
12.843,-4.5607
-2.3884,-0.22171
-2.8895,0.45466
-2.3163,1.31
-1.7463,0.47886
12.735,-4.9043
-2.6168,0.18437
-2.4079,0.288
-1.8841,0.21242
-2.3833,-0.27335
-2.3834,0.69528
-2.8066,-0.48886
9.4919,8.8688
-2.8033,0.11899
-2.6487,0.92844
-2.4888,-0.28382
-2.9361,0.13955
-1.858,-0.078038
-1.4286,0.09764
-2.0474,0.22187
10.312,11.475
-2.3846,-0.44341
-2.0077,0.80292
-2.7268,0.30634
-2.1149,-0.22323
-2.341,0.29339
-2.4509,0.14232
0.21425,2.7223
-2.4062,0.29494
-2.5083,0.13803
-2.7869,-0.1764
-2.9285,-0.086581
9.8175,7.8466
14.085,-1.0027
-1.2128,-0.57378
-2.0806,0.072077
6.6225,-4.7219
8.8014,9.3423
-2.7359,0.46675
-2.6789,-0.16783
-2.4004,0.62816
-1.379,-0.60163
-2.7087,0.31744
6.747,-5.1848
9.043,-5.903
-2.094,0.2039
3.5172,1.5899
-2.3167,0.46845
-2.238,-0.61848
-2.6084,0.026991
-2.4499,-0.28057
-2.172,-0.33633
-2.4711,0.29064
-2.5386,-0.068536
-2.9149,-0.47287
-1.4181,0.44262
-2.7215,-0.003745
-2.8004,-0.045387
-2.4915,-0.30344
-2.9259,0.13321
-2.5868,0.26908
-2.4034,0.064854
-2.4436,0.61571
-2.6532,-0.044112
-1.4322,0.32302
-3.1341,0.050649
-2.9066,0.099077
-2.7208,-0.011099
-2.6567,0.85517
-2.1365,-0.063387
5.9932,-5.3463
10.394,12.329
8.8406,6.3997
-2.7084,0.36927
-3.0196,0.346
-2.498,0.01876
-0.62554,0.46947
-1.9408,-0.28049
10.118,7.6078
-1.9623,0.050993
-3.0648,-0.085524
-2.6716,-0.097523
-2.9731,0.30295
-2.7052,-0.11639
-1.8656,-0.48576
-2.106,0.23832
-2.9314,0.092013
-2.1334,-0.33944
-1.8335,0.90086
13.798,-2.5343
2.2288,-2.3509
12.006,-5.0692
-0.94475,0.58048
1.5248,-2.6946
-1.8369,1.2585
-2.3491,0.13829
-2.3646,-0.050503
-2.7167,0.42631
-2.3442,0.81638
-2.3828,-0.025592
-2.2277,0.19383
-2.0457,0.25716
4.2449,-4.3132
-2.0699,-0.38729
13.285,-3.5202
-2.7665,-0.066719
-1.7016,-0.074286
-2.5022,0.68114
-1.7014,0.31911
-2.2408,0.28039
14.617,-1.8964
-2.2687,0.05146
-2.8197,0.24236
7.0658,-5.1779
-2.7244,-0.108
8.32,7.4126
-2.577,-0.53671
2.3304,-2.3271
-2.5002,-0.0088933
-2.2269,-0.27297
-2.9452,0.14358
-2.3783,-0.0673
12.227,-4.7086
-2.8459,0.24419
-1.8235,-0.2757
11.221,12.179
8.7223,7.8271
13.034,-4.6762
-2.8526,0.15204
-3.186,-0.41936
-2.5736,0.35937
-1.799,0.27876
8.0097,8.3015
9.3408,8.0097
-1.6259,0.15907
-2.5531,0.70072
-2.3231,-0.10505
-2.3591,0.92661
-2.3871,0.35781
14.57,-3.6692
-2.7733,0.15526
-2.3775,0.85135
-2.3191,-0.52968
-1.4305,0.33547
-1.4941,-0.51717
7.7353,8.464
-2.4194,0.075295
-1.9457,0.65403
-2.4961,0.45455
-2.413,-0.49981
-2.7372,-0.33913
-1.9818,-0.67642
-2.7296,0.11244
-1.9944,-0.1904
7.2949,-4.8278
-1.6105,-0.7644
2.5852,4.0779
-2.2116,-0.07075
-2.2137,0.66683
2.0182,1.3753
-2.393,-0.29551
9.2991,-5.1243
12.812,-5.2406
-1.9491,-0.30014
-2.7452,-0.054686
15.397,-0.36886
2.4368,-2.1753
6.6761,-5.5689
-2.2091,0.81602
8.8157,-5.2535
-2.5923,-0.15926
-1.6569,-0.39023
-1.987,-0.12028
-1.9973,0.20403
12.473,-4.3166
-2.3057,-0.028874
-2.3276,-0.20624
-2.3207,-0.3087
-1.4994,0.77674
14.294,-2.7437
-2.6439,0.028943
-3.0034,-0.31393
9.8767,7.6819
-2.0406,0.16587
-2.3445,1.0953
-2.5479,-0.15952
9.9428,8.5233
-2.0424,1.1658
-2.9555,0.10909
-1.8244,-0.45792
-1.6799,-0.71351
-2.2955,0.76451
-2.52,0.23264
15.525,-0.7342
-2.9602,0.044824
-1.5106,1.4102
-1.9914,-0.10685
-2.0617,0.30395
-2.6857,-0.10752
-2.6002,0.67139
-1.1203,-0.72771
-2.8028,0.75631
-2.0941,0.79607
-2.7927,0.23267
-2.8039,-0.25223
-1.2595,0.74959
10.891,5.2871
-2.3263,0.5468
-2.7914,-0.20321
-2.6053,-0.029501
-1.9774,0.57759
16.1,-0.44049
-2.239,-0.46795
15.176,-0.84561
-2.7805,-0.17449
-2.0355,-0.26551
-1.9122,0.42308
-2.3755,0.12571
-2.5456,0.24767
-1.8658,0.074512
-2.7286,0.69403
-2.7767,0.22629
-2.0643,-0.06844
-1.5888,-0.27697
-2.2076,0.24578
10.2,5.7528
11.981,8.3352
-1.4966,0.26904
-2.2572,-0.040663
10.279,8.5981
9.4521,5.5708
-2.5879,0.062689
-2.6634,0.00041793
15.792,-0.74881
7.393,-5.4854
-2.7918,-0.29024
-2.6076,0.63435
-2.2003,0.57425
-2.3118,0.4105
-2.0832,-0.080042
8.5881,7.6403
-2.9204,0.011926
3.9568,-2.986
-2.2284,0.070521
-2.4897,-0.037725
-1.6105,-0.7644
13.934,-2.1369
-2.2299,0.51104
-2.2161,0.40631
-2.5853,0.93449
-2.5069,-0.10134
-1.8563,1.0338
-1.4759,0.071027
1.0328,-1.9529
-2.4496,0.43252
-1.8912,0.12221
-2.22,-0.33079
-2.7329,0.48106
6.3609,-5.0983
-2.5939,0.062582
-2.5948,-0.21174
11.293,1.2631
-2.8703,-0.16743
-2.7182,-0.33312
-2.5068,0.48598
2.6897,-3.3293
-2.2838,0.37269
-1.2424,-0.63672
-1.1445,-0.29351
-1.9518,1.3494
-1.4439,0.22065
-2.7004,0.10596
-1.7773,-0.42221
12.227,-4.7086
-2.413,-0.49981
-2.5983,0.50712
-3.0124,0.080787
5.6295,-4.1137
-2.8015,-0.41594
-2.2714,0.59285
-2.1797,0.33814
-2.3933,0.22044
-2.446,0.38835
-2.7296,0.11244
-1.4873,-0.21827
-2.4925,0.10691
-1.344,0.17188
-2.1074,-0.20025
-2.1431,-0.083953
4.9425,-3.8758
-2.1824,-0.13778
-2.5057,-0.3341
12.106,-0.99576
-2.5009,0.70118
3.8871,-3.9903
-1.7389,0.61836
-2.4079,0.288
7.1206,-5.6017
-2.7303,-0.48059
-0.79803,2.1888
-2.7434,0.0643
-1.5769,0.13078
-2.2648,0.35556
-2.1478,-0.084833
-1.9147,-0.35227
-2.7568,0.016226
-2.3452,-0.61224
-2.5083,0.13803
-1.9805,0.32229
-2.9049,-0.11931
1.2987,1.2095
-2.0648,0.14909
10.129,8.7728
-1.9436,-0.026375
-2.4442,0.25179
-1.6683,0.26598
8.11,8.7036
-3.0955,-0.25282
-2.6165,0.62011
8.6706,-5.5704
1.5854,-2.3349
4.3687,2.2321
-2.0331,0.761
-2.5698,0.12455
8.9225,-5.3221
-1.6297,-0.028754
-1.833,0.080477
-2.5906,-0.13074
-2.2435,-0.57959
6.624,-5.832
-2.6163,0.69963
-3.1762,0.54004
-2.3289,0.38158
-2.4014,0.26409
-2.0738,-0.53319
-2.201,0.072661
-2.6764,0.079629
-2.3366,-0.27242
6.8682,3.8615
-1.8912,0.12221
-1.9429,0.37261
8.3858,6.1496
-2.2518,0.75336
-3.0642,-0.32318
-2.2024,0.50329
-2.1408,0.8824
-2.4008,0.057754
-2.5662,0.16596
-2.4923,0.84217
-2.0218,-0.086708
-2.749,0.082288
-3.0516,-0.38145
7.8273,-5.2417
-2.7311,0.10344
-2.6625,-0.0067644
7.0064,-4.4171
-2.6498,0.4625
-1.8582,-0.33134
-2.3235,-0.62667
-1.6052,0.27686
-2.9592,-0.066546
-1.9489,-0.47731
-2.7085,-0.31438
-2.3825,-0.23172
-2.8211,-0.054534
-1.5316,0.66704
14.788,-0.34837
-1.5106,1.4102
11.646,0.40896
-2.4068,-0.074015
-2.3778,0.026841
-2.3058,0.15057
-2.2127,0.41662
-2.4299,0.61249
-2.102,0.23606
1.6043,-2.4426
-2.562,0.10781
10.434,8.7878
-2.2132,0.01762
-2.2838,-0.03441
-2.1711,-0.18851
-2.5635,0.12118
-2.0425,0.95869
-1.8116,-0.19234
-2.9834,0.067542
-2.7007,0.46432
10.142,8.9527
-3.0447,-0.15158
-1.3116,-0.22048
-2.6772,0.40996
-2.525,-0.38777
9.7264,7.5853
3.1938,1.8377
-2.7052,-0.11639
7.1117,-2.0506
-2.2183,-0.33993
-3.0349,-0.065867
11.221,12.179
-2.1656,-0.13377
8.6548,5.8971
-2.2272,-0.15593
-2.6074,0.24362
-2.6798,0.60778
4.589,-3.9941
8.6839,-5.9907
-2.3658,0.12285
-2.4724,-0.21712
-2.3402,-0.37523
-2.1638,0.17115
-2.6349,0.36893
-2.5531,0.5483
-2.3467,0.082962
-1.1784,0.4217
-0.90681,0.17786
-2.7204,0.17827
-2.0392,0.67329
-2.6212,-0.12404
13.798,-2.5343
7.8785,-5.3944
-2.8306,0.06399
-2.4783,-0.068488
-2.5824,0.21198
-1.8132,0.010012
9.1139,5.6393
6.26,-5.2798
-2.8316,0.088881
-2.3058,0.55467
-2.7511,0.16436
-1.8684,0.2429
-2.7059,0.42518
-1.5707,0.74419
-2.6836,-0.36752
-2.1266,0.42822
-2.7624,0.79442
-2.2511,0.056431
-2.5198,-0.41062
-2.6035,0.18605
-1.337,0.48021
-2.3213,-0.16604
10.434,10.951
-2.5287,-0.17483
-2.7847,0.13735
-2.5208,0.2823
-2.1406,-0.38354
-2.8332,0.11699
-2.4373,0.13413
-1.5369,-0.95922
-2.2848,0.76669
-2.2938,-0.029923
-2.5618,0.16917
-2.047,0.14184
-3.0958,-0.30086
-1.444,0.1186
4.8301,-5.0391
-2.2534,0.31237
-1.9038,0.49714
-2.2582,0.049774
-2.127,-0.33423
-1.9324,0.23421
-3.0392,0.018305
-1.6864,1.0093
-2.4686,0.22517
-2.1765,-0.57108
-3.0872,-0.0043417
-2.6727,0.0076154
-2.5573,0.047532
-2.0298,0.24889
-2.4712,-0.49043
2.1322,-3.3669
-1.9052,0.38059
-1.5564,-0.23098
-2.2691,-0.079846
-2.0239,-0.22516
-2.3375,-0.10828
-3.0739,-0.16052
-2.5651,0.56469
-2.6953,0.20819
-2.3097,-0.45808
-2.6864,0.053195
-2.6547,-0.48072
8.492,5.8847
-0.95609,0.11998
-2.6297,0.17697
9.3175,9.5864
-1.9872,-0.026887
2.2369,-3.0422
-2.8945,0.65704
-2.4026,-0.087817
-2.6193,0.24222
-1.7952,-0.28958
-1.9098,-0.0043074
-2.1953,0.94081
-2.0394,-0.44261
-2.3054,0.25712
-2.6823,0.16106
8.6643,-5.5524
-2.3435,-0.090653
8.5031,5.8816
6.1646,-3.3486
-2.6837,0.45556
-2.2479,0.016584
-2.5198,-0.41062
-2.4188,-0.048083
-1.2446,-0.055451
-1.6024,-0.17742
-2.5332,-0.47584
-1.7839,-0.090998
15.234,-0.24169
-2.6998,-0.25048
15.375,-0.98888
-1.7276,-0.2776
-2.325,0.39256
-1.9176,-0.0092207
-2.1836,0.30448
-2.3494,0.27051
4.8563,-5.2344
-2.5467,0.15443
-2.173,0.32597
12.966,-4.7445
8.9329,-5.3703
-2.8164,0.25674
-3.1046,-0.3752
-1.9474,0.40631
8.411,7.3309
-2.086,-0.30899
1.9446,0.021353
-2.8895,0.45466
-1.739,-0.31928
-2.813,0.3992
-1.7188,1.1761
10.339,8.621
-2.3266,0.17962
-2.6764,0.068641
-2.922,0.29008
-2.1528,0.42373
-2.0378,0.15022
-2.282,0.39667
0.14117,-2.0786
5.6231,-5.0686
-1.3977,0.23875
-2.0246,-0.50901
-2.7089,-0.082817
-2.3455,0.11513
-2.7001,-0.47417
-2.7207,-0.7517
-2.8205,0.054229
-2.5329,0.17299
-2.5213,0.84926
-2.1824,-0.13778
6.7039,-5.7533
12.952,-3.6242
-1.7816,-0.097698
-1.7616,0.11215
-2.5763,-0.064704
-2.8177,0.019469
-2.4752,-0.12182
-1.0866,0.44438
-2.7281,0.72153
-1.906,-0.096625
-1.9225,0.25599
9.4376,7.3061
-2.0514,0.33592
5.2295,-4.4104
-2.7844,0.030757
5.028,-4.7843
-2.5799,-0.23993
-2.4853,0.40129
-1.9183,-0.23654
-2.0627,0.38888
-2.4174,-0.30395
12.833,6.0024
-2.4627,0.82077
-2.6258,0.15934
-2.0348,0.53095
-2.326,-0.36867
-1.2319,0.41294
-2.4487,0.39326
-2.459,0.60604
-2.1382,-0.088731
-3.0128,-0.22252
-2.8865,0.054328
-3.0917,0.4182
-2.6657,0.21587
-2.5057,-0.3341
-3.2753,0.411
-2.0855,-0.32578
13.207,-3.8083
-2.2918,0.18062
-2.5579,0.12742
-1.9968,-0.30951
9.0337,-5.538
9.1987,-6.1234
-2.3794,-0.42364
-2.5119,-0.15337
-2.5122,-0.29363
-2.7107,0.19963
-2.3933,0.22044
1.6612,-2.3877
-1.8145,-0.63525
-2.5097,-0.4904
2.4077,-2.2189
-2.7207,-0.7517
-2.1708,0.37064
-2.7915,0.22163
-2.4435,-0.62638
9.2718,7.884
-2.9694,0.1334
-2.2317,0.43347
-0.48981,-1.5811
-2.3101,-0.029609
9.552,-5.0558
-2.4269,0.021863
-2.2214,-0.79357
-2.4432,0.24296
-1.8057,0.67916
-2.0608,-0.037748
-2.3835,0.027535
-1.7968,0.29029
-1.669,0.45159
-2.2073,-0.11944
-2.1792,0.12242
13.11,-4.1014
-2.1756,0.091402
-2.2519,0.28423
-2.6853,-0.011489
-2.4967,0.17708
-1.7934,-0.11788
15.62,-0.014447
13.181,-4.2268
-1.9739,0.46653
11,10.862
-2.3754,0.16999
-2.3223,0.25683
-2.9211,-0.19639
9.7853,-5.0588
-2.2771,-0.09708
-2.4567,0.32472
-1.8341,-0.069241
-1.277,0.067836
3.8688,-3.5675
9.9353,-5.2175
0.57578,0.30587
-2.3974,0.062098
-2.2602,-0.028865
-2.2692,-0.11765
7.2945,-5.0479
-2.3728,0.077982
12.927,-4.4004
-2.8117,0.024335
-2.112,0.62815
6.939,-4.4074
-1.7673,0.853
-2.6947,0.36945
-0.9818,-0.31252
-2.373,0.8992
-2.4289,-0.20984
-2.2577,-0.24271
-2.2976,0.57803
7.8273,-5.2417
-2.1587,-0.54204
-1.8415,-0.082497
-2.4538,-0.023656
-2.5128,0.30913
-1.9982,0.39923
-1.7407,-0.34471
-1.6725,-0.7869
-1.8792,0.059828
-2.7834,-0.1374
-2.8895,0.45466
-1.8686,-0.714
-2.8103,0.33207
-2.2942,-0.25354
-2.443,-0.5173
-2.0814,0.065123
-2.1914,-0.12029
-2.413,-0.49981
-2.6916,-0.054715
-1.2569,0.82183
-2.4061,0.74301
-3.013,-0.032453
-1.9238,0.16464
-2.2638,0.085191
8.5033,-5.3115
-2.8015,-0.41594
-2.6394,0.24767
-2.7541,0.74389
-2.7665,0.85046
-2.2187,-0.02861
-2.6588,0.062622
6.6997,-5.2741
4.994,-4.8264
-2.5403,-0.123
6.1726,-4.5056
-2.8608,-0.10665
-2.212,0.40398
-2.5786,0.064159
-2.3663,0.37894
6.3389,-5.3489
-1.9939,-0.31391
-2.6153,-0.19916
-2.7395,0.084992
-2.2832,-0.5368
-2.3422,0.34836
9.9063,10.248
7.5679,5.8803
-1.9178,0.44128
14.458,0.63432
-2.9582,0.61816
10.182,9.1508
-2.4107,0.42202
-1.3542,0.08533
15.28,-0.67576
-1.8781,0.89765
-2.3598,-0.34589
7.1044,-4.9125
-1.9713,-0.51565
-2.5227,0.6864
-2.2112,-0.44874
-1.7508,0.30864
-2.3159,0.24248
5.8569,-5.4888
-2.8094,0.22718
-2.0239,0.40618
-1.9042,0.056813
-2.2805,0.40356
7.1734,5.701
-2.1751,-0.53799
-2.7378,0.52181
-1.7266,-0.12439
-2.3861,0.23614
-1.601,0.25335
4.8625,-4.0919
-2.3153,-0.26008
-2.03,-0.25353
-2.2307,-0.099066
-2.6404,0.45939
-2.4516,0.42011
-2.9925,0.64703
-1.9279,0.29208
-2.7182,-0.33312
-1.9306,-0.65982
-1.6309,0.7128
-2.4112,-0.40761
-1.8563,1.0338
14.661,-2.2152
-2.3704,-0.1858
-1.0708,-0.46525
10.707,11.089
5.9071,-3.8717
10.707,11.089
6.2174,-5.9558
-1.9178,0.44128
-2.8428,0.47201
-2.4487,0.49646
12.967,5.9779
-2.4589,0.44513
-1.1924,-0.025404
-3.16,-0.56192
10.571,10.483
-1.845,-0.51626
-2.7923,-0.65275
-1.6289,-0.2369
-2.4278,-0.061874
-2.2796,0.35121
6.8757,-5.5358
-1.8793,0.77413
7.9679,7.9889
-2.2695,-0.71339
-2.2279,0.072853
-1.2932,-0.56246
-2.8993,0.023
-2.3025,-0.15752
-1.8201,-0.15837
-2.7315,0.25415
-2.4379,0.21826
-1.7241,-0.35465
-2.1707,-0.06998
-2.4451,-0.28094
-3.1463,-0.24745
-1.9347,0.41654
-2.349,0.44939
6.5722,-4.9549
-2.1914,-0.12029
10.031,7.5134
-2.0643,-0.06844
12.361,-4.6039
-2.9682,-0.10188
-1.8939,0.014855
-2.6234,-0.39899
9.1301,-5.535
-2.6549,0.25269
-2.3857,1.0643
-2.4306,-0.19547
-2.6379,-0.081637
-1.5998,-0.66191
-2.3953,0.10724
-2.4388,-0.23653
-2.3831,0.15366
-2.2796,0.35121
-2.7622,-0.22896
-2.7466,-0.19319
8.2661,8.3773
-2.9607,0.11403
-2.1986,-0.06434
-1.9172,0.54337
-2.3369,-0.20727
8.11,8.7036
-1.8582,-0.74293
-2.4451,-0.28094
-1.2451,-0.11077
-2.8227,-0.017741
13.454,-4.0213
-2.0358,0.28105
-2.7846,-0.060967
-2.2118,0.57862
-2.4074,0.0062559
-2.0442,-0.036536
-2.3354,0.33996
-1.918,0.21214
-1.9977,0.13057
-2.5445,0.99875
-1.8953,-0.28273
-2.2748,0.57447
-2.7997,0.13156
-2.823,-0.1408
-2.915,0.3366
-2.2535,0.1179
13.621,-3.8758
-2.4404,-0.12482
-2.7062,0.06469
-2.702,-0.061002
-2.4275,0.29715
10.279,8.5981
-0.83749,-0.18996
9.9353,-5.2175
-2.5105,0.061814
-2.0853,0.9218
14.856,-2.5611
-2.5683,0.68059
-2.1862,-0.64821
-1.2866,-0.88255
-1.5121,0.37601
-1.7276,-0.2776
-2.6836,-0.36752
-2.2079,0.31298
-2.0741,0.75351
6.3287,-4.9911
-2.4608,0.61764
-2.0873,-0.31056
-2.535,-0.041056
0.96734,0.68837
1.63,-3.332
-2.6812,-0.15438
-2.7829,-0.23669
-2.375,0.49072
-2.2098,0.36814
-2.5742,-0.036203
11.202,-0.59266
-2.6387,0.56578
7.0753,-4.5308
-2.1334,-0.016119
6.6367,-4.4327
-2.6458,-0.2187
-2.42,-0.0041644
-2.7192,0.53148
9.628,7.4703
-2.5947,0.35674
-1.758,0.52868
-1.9983,-0.91739
-2.8563,-0.16746
-1.781,-0.066989
-2.417,-0.033045
-1.9213,0.032851
-1.5724,1.1038
14.939,0.26812
-2.0585,0.56605
14.371,-1.9213
-1.5369,-0.95922
-2.835,-0.064923
-2.6177,-0.73103
6.1606,7.8418
15.384,-0.10848
-2.3931,0.37409
-2.2793,-0.67928
-2.2695,0.11175
5.4058,-4.5521
-2.752,0.53026
-1.083,1.0759
-2.0755,0.29478
-2.0787,0.33363
-1.7724,0.49527
-1.5774,0.53946
-1.9971,-0.21635
2.6606,-3.5085
-1.1629,0.071406
-2.6561,0.066663
6.5771,-4.8615
-1.3075,-0.14662
-2.098,0.10008
-1.4315,-0.65022
-2.247,0.17048
0.33735,2.9478
-2.8159,0.44487
-2.9184,-0.12591
-2.8681,0.19174
5.5097,-5.1028
-1.946,1.0853
10.814,12.776
-2.0787,0.33363
-2.4191,0.54578
-2.8558,-0.30525
-1.5345,0.48042
-2.4996,0.14297
-2.3856,-0.36142
-2.2124,-0.14514
-2.1625,-0.11452
9.2097,8.1529
-2.42,-0.0041644
-2.448,0.022944
-2.4098,0.65403
-2.5683,0.30089
-2.4612,-0.38278
2.6899,-3.5071
-2.0969,0.5653
-2.5182,0.042641
-1.2735,-0.40888
4.5918,-4.4663
6.187,-5.2495
-1.7152,0.10421
-2.3012,0.17213
1.1774,-1.1792
2.456,-3.2306
10.017,9.2872
-1.9311,-0.32697
-2.0095,-0.5901
-2.4773,0.38368
-2.6191,0.47461
-1.7066,-0.69822
0.094881,-2.001
13.361,-3.0698
-1.8785,0.60766
-2.8259,0.095608
-2.6779,0.41002
1.4843,0.75661
-2.5398,0.34167
-2.5981,-0.15415
-2.6293,0.24767
-1.799,0.27876
-2.0042,0.89612
-1.356,0.37984
-2.6859,-0.1688
-2.5966,-0.14094
-2.1752,1.434
3.9943,-3.5962
-1.8684,0.2429
15.405,0.33164
-1.8675,-0.87564
-2.1862,-0.011762
-2.4121,-0.20747
0.43345,2.9495
-2.8106,-0.45324
-2.827,-0.18658
14.339,-2.3217
6.0492,-5.1112
9.7804,8.253
-1.2485,0.83649
-2.7511,0.16436
-2.9732,0.49461
10.592,6.8556
-2.7094,0.44521
-2.3624,-0.16842
-2.6053,-0.029501
12.994,-4.2215
-1.4234,0.18621
12.401,-4.5212
7.6861,5.7117
-2.3948,0.12253
-1.8914,0.24453
1.7076,-2.5912
-1.6954,0.23078
1.6889,-0.51936
11.917,4.7725
-1.7525,0.4392
-2.1944,0.28751
-2.9243,0.24407
13.586,-3.9434
-2.5742,-0.036203
-2.7464,-0.29417
-2.869,-0.00891
-2.5328,-0.0028244
-1.2248,-0.55229
-2.5778,0.094005
-2.0648,0.14909
-1.8628,0.15573
-2.4059,0.22212
-2.3862,0.0080105
-2.7582,-0.18517
-2.3391,0.56339
-2.6912,0.21532
-2.7123,0.080282
-1.6968,0.010077
-2.4569,0.33812
-2.6932,0.20454
-1.9082,-0.23759
-2.6672,0.23023
10.536,2.6687
7.8549,-6.0502
-2.0829,0.41981
12.284,7.3091
-3.011,-0.12344
-2.4156,-0.21521
9.8805,0.75106
3.9206,-3.3613
-2.3273,-0.081508
-2.4501,-0.1779
-1.2424,-0.63672
-2.7012,-0.0088416
5.4419,-4.7646
15.834,-0.72538
12.633,-4.2592
-2.1789,-0.073447
5.1125,-4.4003
-1.3227,-0.53057
9.8522,-5.6204
-2.8835,-0.15995
9.7196,8.2742
-1.8541,0.038717
-2.22,0.47347
-2.6176,-0.03163
-2.5269,1.5416
7.3421,7.7454
2.5186,-3.4728
-0.80742,-0.031365
-2.3646,0.27382
-2.9337,-0.086968
-2.4383,-0.087906
15.691,-0.16001
-1.8708,1.0792
10.042,7.284
-2.0945,0.64663
-1.9065,-0.71422
15.21,-1.707
-2.4853,0.29956
-2.0221,0.34359
-1.9111,-0.14567
-2.045,-0.18739
-1.9717,0.13506
-2.4367,0.36739
-2.9227,0.24278
-2.8189,0.00036645
-1.8898,0.10072
-3.0029,-0.035102
15.556,-0.59329
-2.0328,0.19953
-1.5665,-0.73606
8.3953,-5.3184
-2.7915,0.22163
-1.5832,0.36487
-2.7062,0.087108
-2.6716,-0.28383
-3.2047,0.47876
12.846,-4.7257
-2.722,-0.073544
1.9277,-1.7563
14.622,-1.3356
7.7421,6.4674
-2.4963,0.33146
-1.8621,1.1887
-2.5246,-0.1996
-2.0505,0.7942
-2.6011,0.49763
-2.7145,0.22858
-2.773,0.095451
-2.4328,0.72245
-2.5987,-0.33992
12.85,-4.6659
-1.7544,0.19569
15.038,-1.3951
-2.0461,0.11997
-2.4931,0.60181
-2.5648,-0.25861
-2.5777,-0.48939
-2.7955,-0.14083
8.4153,7.8445
-2.1088,-0.47899
-1.78,-0.7201
-2.2691,0.048127
-2.15,0.6332
-2.6086,-0.29425
6.485,-5.5126
8.2212,5.8045
14.744,-2.4195
13.393,-3.8732
7.0469,-5.9028
-2.0749,-0.15698
-2.5408,0.44351
10.394,12.329
-2.5224,0.32448
5.1407,-4.6359
13.001,-3.5455
-2.4381,-0.0063327
-1.1708,0.012049
-3.0717,0.53043
-2.9913,0.72967
6.7039,-5.7533
-1.6298,1.1723
6.9498,-4.9223
-2.2208,-0.27655
-2.6892,0.41069
-2.5275,-0.19163
1.797,-2.5767
-2.751,-0.2383
-2.5838,0.15312
-2.1349,0.078146
-2.5884,0.58869
13.242,-3.7532
-2.5724,-0.46501
-2.5904,-0.26204
-1.764,-0.22007
-2.2045,0.29575
-2.582,-0.50245
-2.2142,0.24076
-2.5942,0.41686
-2.1275,0.49663
-2.7628,0.11131
-2.5994,-0.5653
-2.2732,-0.30065
-2.1531,0.076229
-2.7467,0.51083
-2.9546,0.15499
-2.1939,-0.24662
-2.1941,-0.019587
-2.0626,-0.08333
10.497,12.074
5.7341,-5.4929
-2.2894,0.32094
-2.549,0.21244
-2.96,-0.10956
8.0037,8.1353
-2.6482,-0.51958
10.447,2.664
9.4639,-5.2043
-2.0046,0.64842
-2.6973,-0.34739
-2.1525,1.2639
-2.9465,-0.18282
-2.273,0.66146
-2.0506,0.60383
-1.852,0.46553
-1.475,-0.96246
-2.4612,-0.37373
4.758,-4.9385
-2.2893,0.65956
-1.7215,0.33842
-1.9095,0.19639
-1.8582,-0.74293
-2.1309,0.66525
8.6706,-5.5704
-2.6789,-0.16783
-1.3584,-0.61976
-2.86,0.17678
8.138,-5.5076
-2.5405,-0.39415
-2.7497,0.41094
-2.7302,0.10118
-2.5105,-0.28241
-2.5698,-0.35609
9.642,5.7489
-2.0998,0.3808
-2.0949,1.3187
-2.1226,-0.063309
12.201,9.592
-2.5683,0.30089
-2.797,0.71672
-2.8464,-0.14114
-2.6387,0.56578
-1.8912,0.12221
10.714,12.634
-1.6359,-0.57595
-0.91668,-0.20355
6.5655,-4.0829
8.1895,-5.637
-2.0267,0.19014
-1.7851,-0.17959
-2.2516,-0.541
6.2011,-5.2491
-2.7254,0.21589
1.3437,-0.32014
-2.7601,0.78229
-2.7417,0.12438
4.5918,-4.4663
-2.4685,0.46909
5.2411,-4.3241
-2.8382,-0.28609
-2.868,0.73185
-2.4818,-0.64937
-1.7285,-0.15285
-2.5813,0.49808
-1.6917,-0.48604
-2.1722,0.26417
14.409,-1.5699
-0.94697,0.95361
5.0669,-2.9629
-2.1312,-0.37553
-3.0802,-0.039602
-2.2326,0.39481
-1.7746,-0.7316
10.182,9.1508
-2.3913,-0.11578
-2.6633,-0.16919
-3.0891,-0.32742
8.9727,7.7017
-2.6299,0.099964
-2.8505,0.13357
-2.0831,-0.14605
-1.721,-0.63148
-2.3057,-0.028874
-2.3644,0.39724
-2.0068,0.093229
-2.2661,0.39142
-2.0734,-0.36991
-2.0454,0.26245
-2.4816,-0.49349
-2.6865,0.50853
-2.5129,-0.028389
-2.4121,-0.20747
-2.6156,0.32428
-2.5941,0.47317
10.065,2.8524
3.779,-3.5951
-2.7028,0.076283
-2.1308,-0.15208
-2.1591,0.32997
5.4048,-5.0105
-1.4718,-0.87101
-2.5906,-0.13074
-2.6012,-0.15558
11.478,1.2702
-2.5766,0.80447
-2.9925,0.64703
-1.8453,-0.12525
-1.7934,-0.11788
-1.984,1.2356
-2.1206,0.25718
-2.5986,0.14248
-2.7852,0.47777
4.2194,-5.1357
-2.3573,-0.25637
3.0456,-2.767
-2.077,0.92869
-2.7068,0.038745
-3.1105,-0.34822
9.7245,7.6324
-3.1685,-0.038136
-2.766,0.15458
9.6447,7.9196
-1.1429,0.87151
-2.5354,-0.14559
-2.0122,0.4254
-2.8671,-0.16472
13.553,-1.7942
12.821,-4.344
-2.7202,0.37355
-2.6544,-0.3165
-1.8411,0.34591
0.47111,-1.0329
-3.0862,-0.40374
-2.1564,-0.04519
-3.0344,-0.25758
13.645,-1.6265
10.595,8.9958
-1.3858,-0.73744
14.091,1.7195
-1.9111,-0.14567
5.0488,-4.3268
-2.6817,0.38217
-2.5855,0.83769
-1.755,0.39691
-2.8945,-0.11257
-2.5495,0.22575
-2.9698,-0.16839
-0.33705,1.2695
-1.5373,0.2913
7.0856,-5.1206
-2.2012,1.2459
-3.0841,-0.0098924
-1.9863,-1.3556
12.463,-4.4113
-2.8966,0.16475
-2.4509,0.14232
8.2105,6.3688
-2.314,0.075213
-2.4593,0.74706
-2.4244,-0.49662
-2.6168,0.18437
-2.6109,-0.34725
-2.9571,0.20344
-2.3595,-0.12003
-2.2967,0.92367
-3.1543,-0.36473
-1.7849,0.19368
6.4869,-5.1083
-2.9527,0.095121
13.023,-4.8754
-2.4509,0.14232
-2.479,-0.55828
-2.5132,0.74338
-1.4041,1.0624
6.2829,-5.4244
6.9872,-5.8217
-2.7221,-0.17516
-2.7318,0.55564
1.7018,-2.7746
-2.6823,0.16106
-2.5161,0.73647
-2.6632,0.2773
-2.0464,0.35485
-2.113,-0.092951
9.3799,8.2204
-2.3869,0.49652
-1.9033,0.10242
-2.566,-0.36872
-2.3096,-0.37418
11.367,13.285
11.2,0.022066
-2.3716,-0.32058
-2.8356,0.96793
-2.6721,0.010691
-2.0091,0.35505
-1.7841,-0.28306
-2.6258,0.15934
-2.4712,-0.49043
5.7597,-5.5119
12.94,-4.5639
10.65,8.3784
-1.5695,-0.88302
-2.9208,0.70884
-2.3149,0.47081
-3.0657,-0.14131
-3.0163,0.26802
-2.3267,0.72951
-2.7564,0.065251
12.457,-4.1551
5.2411,-4.3241
3.9858,1.0317
-2.1784,-0.022012
-2.3729,-0.20229
-2.0483,-0.18168
-2.0802,-0.49741
-2.6098,0.56376
-1.9829,0.81886
-0.93301,0.41573
5.3805,-4.0654
-2.2648,0.087351
-1.871,-0.08984
-2.3656,0.15548
12.733,-4.0808
-2.526,-0.23242
-1.9466,0.72519
-2.7942,0.15886
1.3437,-0.32014
-2.5517,0.11271
-1.1805,-0.559
8.4241,10.169
-2.1141,0.059625
-2.7416,0.17622
-2.7903,-0.021717
15.448,-0.096452
-2.7338,0.12812
-2.0042,0.89612
15.046,-1.1732
0.11753,-1.6165
-2.5838,1.0852
-2.4828,0.14058
-2.5206,0.4638
-1.8186,0.87385
13.433,-2.4982
5.1142,-4.4638
-2.1066,-0.082944
-1.676,-0.12932
-2.303,-0.21793
-1.5124,-0.24339
-2.8782,-0.042653
-1.7371,0.6069
-2.7955,-0.14083
-1.8914,0.24453
-1.8625,-0.14991
5.6647,-5.0232
14.749,-1.6076
-2.777,0.39163
13.361,-3.0698
5.7033,-4.5955
7.8273,-5.2417
-2.1824,-0.13778
8.7116,8.3646
-1.8335,0.90086
6.9498,-4.9223
-2.8814,0.28814
-2.2798,0.097286
-3.093,0.20248
-2.8724,0.28188
-2.5194,0.3823
-2.7708,-0.11674
-2.6593,0.18601
12.34,-2.3071
11.222,-4.2996
-1.3853,0.10537
-2.641,0.0057438
-2.179,-0.35644
-2.4445,0.58054
2.5131,-2.1139
-2.3416,0.021382
-2.1171,-0.47466
-2.0455,-0.75757
-1.865,0.029435
-2.4359,-0.52062
-1.5466,-0.20697
4.6263,1.5048
-2.8928,-0.20958
8.9763,8.6141
-2.105,0.2989
6.8187,-5.2441
-2.8054,0.96543
-2.5246,-0.1996
-2.2525,0.43824
-2.9969,-0.19182
1.8986,-3.1073
-2.586,0.37449
-2.5797,0.50703
-2.3097,-0.45808
-2.002,0.11598
14.331,-0.99435
-2.1703,0.18359
-2.3376,0.70634
-1.6014,0.18483
-2.4831,0.026745
-2.2955,0.647
-1.8961,-0.12194
-2.4769,0.5553
-2.3203,0.38028
-2.1992,0.27803
-2.5461,0.11265
-0.91076,0.40906
-1.8259,0.29874
-2.2986,0.12879
-2.5531,0.22508
-2.0316,-0.36903
6.6997,-5.2006
-1.6263,-0.2823
-2.62,0.34499
-2.879,-0.03984
3.6433,-4.2369
-1.8724,0.99403
-1.9135,1.3588
-3.2598,0.39802
15.197,-0.20276
-2.951,-0.10849
-2.3007,0.44221
5.6507,-4.2364
-2.8085,0.64358
-2.6742,-0.03194
3.3774,-3.4902
-2.5824,0.21198
-2.5405,-0.39415
5.8569,-5.4888
-2.1141,0.059625
8.3028,5.8887
-2.8434,0.64376
5.6819,-5.0768
-1.9115,-0.78372
7.2316,5.5398
8.9453,7.2115
-2.2093,0.52961
-2.4687,-0.030071
-1.8306,-0.27637
-1.4315,-0.65022
-2.4257,0.3957
7.471,-5.8242
10.851,10.62
-2.4351,0.44711
-1.4439,0.22065
8.9803,6.0296
-1.9185,0.99419
-2.381,0.28025
-2.4686,0.23356
-1.9648,0.49069
-2.3348,0.43089
-2.3744,1.0008
5.6623,1.874
2.901,-2.6861
-2.3738,0.19467
5.3551,-5.4902
-2.6295,0.30902
-1.9251,-0.3234
-1.6022,-0.56372
-2.0657,0.81358
-3.0687,-0.058674
-2.3658,0.37274
-1.9188,-0.1129
-3.2288,-0.10077
-2.8634,-0.4802
-2.5598,-0.46829
-2.1284,-0.40136
-2.8245,-0.20121
-3.0089,0.3796
-2.7812,0.19287
-2.6846,0.21199
-1.828,0.064112
-2.8103,0.24926
10.531,8.8568
-2.7459,0.64735
7.8991,-4.4354
12.92,-4.6561
-2.0718,-0.5289
-2.7713,0.095182
-2.4132,-0.19267
-2.7172,-0.21009
-2.9584,-0.15847
-0.90681,0.17786
-2.5895,-0.1773
-2.8847,0.18263
-1.5168,-0.28679
-1.6408,0.21033
13.763,-1.9298
-1.8891,0.090284
7.28,-5.2577
-2.8955,-0.092505
-2.1027,0.53613
-2.2788,0.24265
-2.1702,-0.36194
-2.893,0.14129
-2.7959,0.56076
8.912,8.0999
9.1642,8.5705
-2.7595,0.031334
-2.5103,0.099404
-2.1642,0.4761
-2.1812,-0.44754
-2.3278,0.13486
-2.6139,0.62992
-2.1357,0.93462
-2.3265,0.63293
-2.0956,0.4569
-2.7244,0.36339
-2.8159,0.44487
-1.1064,0.7466
8.9506,7.7056
-1.2411,-0.26209
-2.0544,0.77975
-2.1564,-0.04519
-2.6503,-0.082416
-3.0077,0.13798
-2.5837,0.54972
-2.4145,-0.266
-2.7259,0.20416
-2.8264,-0.06937
-3.0378,-0.25197
-2.8687,0.18638
-2.5075,0.31624
-2.5338,-0.044082
-2.7805,0.47674
12.572,-4.1529
-2.1368,-0.27889
-1.9962,-0.075236
5.8889,-5.1883
-2.7282,-0.1079
6.2085,-5.2637
-2.3691,0.4928
-1.9998,0.13901
-2.0528,0.09662
-2.4405,-0.013684
-2.2519,1.0988
-1.2986,-0.22793
-2.0293,0.02409
-2.6635,0.18198
-2.8389,0.99578
-2.7305,-0.013128
-2.6595,0.64994
-2.2582,0.20063
-2.8526,-0.50861
-2.9171,-0.070587
-2.6295,0.90718
-2.2438,0.15164
12.597,-4.1172
13.995,-2.5656
-1.5736,-0.46174
-2.3583,-0.11008
-2.3709,0.44449
15.095,-0.99259
2.1027,-2.1046
-2.5923,-0.15926
-2.7724,-0.055587
-2.3027,0.1644
-1.9298,-0.10606
-2.3733,0.42233
-2.8005,0.03274
-2.9067,-0.38903
-2.1719,-0.46479
-2.5403,-0.60321
-2.2319,0.15445
13.466,-3.4845
10.54,2.5229
-2.5248,0.3355
10.217,-4.8236
-2.3637,-0.16315
-2.5354,-0.30658
3.8486,2.7047
6.4094,-5.0204
-2.4975,0.83706
-2.7965,0.49994
-2.3641,0.1771
-2.3832,-0.14862
-2.5912,-0.019247
-2.8289,0.24093
-1.1888,-0.39308
-1.7486,0.66242
-1.8896,0.092801
4.8625,-4.0919
-1.831,-0.89739
-1.6792,-0.28305
-2.827,-0.18658
-1.5925,0.37075
-2.6673,0.16609
9.1117,8.7635
-2.4223,0.72626
-2.8361,-0.26838
9.9704,7.7002
-2.6742,0.55039
-2.641,0.71851
-1.2884,-0.13913
-2.0298,0.24889
-1.6963,0.17754
4.0511,-3.7712
-2.441,0.22056
7.8124,7.3495
-2.1449,0.24347
13.381,-3.9714
2.3242,-3.0892
5.9282,-3.9563
-2.5397,0.079388
-2.9497,0.067626
-1.8246,1.0452
-2.8049,-0.070166
2.3304,-2.3271
-2.2255,0.32397
-2.6075,-0.032391
11.357,10.222
-2.265,0.0011114
-1.0346,-0.56723
-2.3502,0.35791
9.3156,8.4414
-2.2736,0.52952
-2.6912,0.21532
10.505,9.49
-2.3005,0.36032
-2.9255,0.030825
-2.5132,0.86479
-2.9187,0.3383
9.0337,-5.538
-2.7668,0.23515
-2.8866,-0.28841
15.25,-1.4911
-2.9793,0.062352
13.11,-4.1014
-2.4522,0.0742
-2.6503,-0.082416
-2.0376,-0.40518
-2.7753,-0.01627
-1.7816,-0.17063
-2.5493,0.39192
6.5227,-4.4933
6.9181,-5.9622
-2.7568,0.016226
-2.0653,-0.20955
7.9155,5.6369
-1.9172,0.54337
10.996,12.321
-2.5362,0.13124
5.0832,-3.1775
-0.94261,0.21703
-2.0204,0.66787
-1.9257,0.036669
-2.5317,-0.21026
-2.6941,0.64411
-2.6673,-0.18999
-2.4429,0.10111
-2.5342,0.48356
8.731,-5.3715
15.038,-1.3951
-2.9337,-0.086968
-1.9822,0.092152
-2.5955,0.65128
-2.1982,-0.53595
-2.6493,0.22875
15.605,-0.42172
-2.0138,0.19158
-2.2106,0.081815
-3.0016,0.020111
-2.4915,-0.30344
8.0727,10.597
-1.701,0.79248
-2.4925,0.10691
-2.4392,-0.35048
-2.5873,0.23425
-2.3544,0.34565
-2.3499,0.16797
5.7316,-5.1733
-2.4443,0.039373
-2.8534,-0.086737
-2.4227,0.12375
-1.9863,0.32435
-1.9713,-0.049459
-2.5766,-0.36086
13.203,-4.3644
-1.9271,0.1263
-2.5755,0.086412
-2.1781,1.0625
-2.3354,0.6052
-1.9155,0.27483
13.203,-4.3644
-2.6852,0.12652
-1.6937,0.02543
-1.8517,1.4239
-2.8702,-0.096276
-2.7658,0.40353
-2.2807,0.6035
-2.1921,-0.12036
-2.886,0.19994
8.4614,8.3533
-2.4006,0.33776
9.8824,2.8404
-2.1387,0.38825
-1.1106,-0.71058
-1.9565,0.66772
-1.2952,0.61962
-2.7653,0.1456
-2.6766,0.086649
8.5387,6.4634
-2.3452,0.48833
-2.5783,-0.23172
8.2073,8.2293
14.84,-0.91395
-2.7418,-0.16084
-1.9909,0.25917
12.284,7.3091
-2.8371,-0.17048
-2.234,-0.082129
6.5309,-6.0033
-2.4037,0.6957
9.1326,-4.881
-2.8189,0.00036645
-2.4854,-0.3396
-3.0945,-0.38636
8.4126,9.5148
-2.8448,0.21136
10.017,9.2872
-2.3862,0.69617
-2.6634,0.094232
-2.8385,0.062936
-2.1641,0.85411
15.188,-1.0634
-2.0873,-0.31056
7.4556,5.4193
15.195,-0.56006
8.3266,7.6114
-2.5269,0.1324
-2.7665,0.85046
-2.673,0.48389
-2.0396,0.78959
-2.4597,0.18194
-2.1354,0.2969
-1.7084,0.0111
-2.5207,-0.63349
-2.2567,0.44273
-2.8203,-0.14654
-2.1436,0.35895
-2.3791,0.055303
-2.6299,-0.22519
-2.2777,0.036022
-2.0777,-0.87361
-2.4944,-0.046643
-2.0376,-0.40518
13.802,-3.861
-2.2222,0.43382
-2.2225,0.47798
-3.1234,0.093453
-2.472,0.083114
-1.5497,-0.074213
7.6408,-5.5447
-2.7644,0.19223
5.2407,-4.9287
-2.2098,0.38752
-2.1226,-0.063309
-2.949,-0.29368
5.4759,-5.019
-2.4274,0.60025
-1.9014,0.83991
-2.6806,0.36566
-2.5549,0.050015
-2.7845,0.077008
10.754,9.8426
-2.3934,0.76269
9.2102,8.0335
-2.6975,-0.16826
7.884,5.5202
-2.6681,-0.1672
-2.4853,0.10112
-1.8144,0.39334
9.1139,5.6393
-2.8734,-0.056314
-2.1487,0.37706
-2.9027,-0.39167
6.189,-5.8504
12.837,-2.0129
-2.8202,0.27
-1.9972,0.45761
9.8767,7.6819
-2.2756,0.015424
-2.5387,0.41127
-2.4443,0.29307
-2.4161,-0.21183
-2.177,0.086495
-2.4058,0.13323
-1.5748,-0.85657
-2.6177,-0.27907
-1.3853,0.10537
-1.4439,0.22065
-1.9238,0.94998
-2.7099,-0.64302
-2.6012,-0.15558
2.1027,-2.1046
-2.6567,-0.22273
12.971,-4.2886
-2.037,0.07416
-2.5355,0.79311
-1.9731,-0.4214
-1.9829,1.0255
-2.0803,0.52713
-1.9971,-0.21635
-2.2141,0.63961
8.9013,-4.7254
10.279,8.5981
-2.4982,-0.072113
8.0454,-5.3041
-2.0957,-0.86923
-2.4866,-0.10235
-2.0584,0.3886
-3.0023,-0.24844
-2.8687,0.18638
-1.7816,-0.097698
-1.1629,0.071406
-1.9131,0.50762
-2.9182,-0.076115
7.6867,-4.7816
-2.3524,-0.3302
-2.2257,0.25396
5.8486,-4.3254
-2.2384,0.36828
-2.1165,0.19752
-1.7602,0.0093541
-2.5375,0.034279
-2.7873,0.25606
3.7483,-4.2889
15.318,-0.90976
-1.8886,-0.16683
-1.8487,-0.52455
-2.4915,-0.30344
13.182,-4.5592
-1.6011,-0.78349
-2.5635,0.12118
8.5939,7.1069
-2.464,0.043228
-0.99144,-1.0338
7.8237,-5.5538
15.644,-0.11519
6.619,5.4797
5.6625,-5.1733
-2.3973,0.68554
-2.5307,-0.034275
-2.8782,-0.042653
-2.8853,0.42008
-2.4744,0.48406
-2.1441,0.18414
12.72,-4.5466
-2.2753,-0.38314
-2.5115,0.020256
-2.4267,0.52152
-2.5787,0.34404
-2.8467,-0.036612
-2.461,-0.15225
-1.2562,0.24281
10.133,9.1397
-2.4112,-0.40761
-2.6894,-0.19325
-2.3974,0.062098
8.909,6.7723
1.5854,-2.3349
-0.67391,-0.22784
-2.758,-0.125
9.3175,9.5864
-3.0159,0.23691
-2.6975,-0.16826
-2.5117,-0.0031464
-1.9822,0.092152
4.9968,-4.8898
13.076,-3.6282
12.259,-4.4963
-1.4811,0.42973
-2.6171,-0.27555
-2.1997,0.80078
-1.9942,0.31822
-2.5467,1.019
-2.5225,0.11719
-1.8667,-0.18175
-1.7849,0.19368
-2.2303,0.639
-2.8895,0.45466
-2.4286,-0.34515
12.188,-4.6452
-1.8961,-0.96167
-2.3411,-0.62128
-2.1344,0.55021
2.1887,-2.1241
-2.3018,0.073921
2.3242,-3.0892
-2.5359,0.65776
-2.8925,0.70987
-2.1638,0.17115
-2.2457,0.54215
9.381,6.1421
11.221,12.179
-2.3985,0.42959
-1.9325,0.55781
-2.3634,0.1019
-3.074,-0.16701
-1.2209,0.07918
-1.8974,0.11923
-2.7721,-0.24785
-2.1547,-0.043467
-1.9132,0.21044
-2.808,0.21805
-2.7926,-0.060581
-3.0059,-0.27248
-1.9971,-0.21635
-1.5301,-0.33316
-2.5138,-0.18283
-2.0669,0.69066
-1.8276,0.0075399
-1.9768,-0.11135
-2.1926,-0.16749
-1.8652,0.46576
15.226,0.65114
9.4495,8.0696
-2.9881,0.071907
-2.6524,0.2522
-2.5298,0.35288
-2.527,0.7206
-2.343,-0.022787
-2.4584,0.082465
14.617,-1.8964
-2.469,-0.15769
-2.6991,0.58708
-2.795,-0.38353
-2.0956,0.4569
14.581,3.5061
-2.6658,0.17975
-2.0035,-0.71189
-3.019,-0.17507
-2.4535,0.74375
-2.3492,0.50768
-3.0461,0.47959
-2.6238,0.42655
7.9541,-5.4475
-2.341,-0.31887
-2.7133,-0.21668
-1.5748,-0.85657
-1.701,0.79248
-2.7102,0.35885
-3.0165,-0.15908
10.868,3.2097
-2.1651,-0.036889
14.715,-0.67896
-1.4943,0.081336
13.292,-4.6033
-2.6531,-0.36647
-2.5151,-0.076644
10.551,9.7533
-2.5475,0.10278
-2.5473,0.61781
-2.2272,0.17266
-2.4565,0.62553
-1.5827,0.75392
-2.4424,0.07355
-2.4948,1.083
1.4959,-2.5585
-2.3801,-0.18709
-2.9523,0.8087
-2.951,-0.10849
-2.3263,0.5468
-0.56997,0.34238
-2.4397,-0.12843
-2.5348,-0.15155
1.361,-2.0783
-2.501,0.46187
-2.887,0.67687
-2.4546,0.29077
-2.2986,0.12879
5.4485,-4.7309
-2.3488,0.40211
-2.7119,0.10865
-2.0118,1.1797
-1.8995,0.383
-1.9955,0.61433
-2.8275,-0.49443
-1.3257,-0.88584
13.144,2.8879
-2.641,0.71851
-2.046,0.85084
-2.3897,-0.56923
-2.3619,-0.12523
-2.7926,-0.060581
-2.6867,0.48669
-2.4033,0.29075
-2.6275,1.1208
-1.6792,-0.28305
-2.3995,-0.67536
-2.5018,0.41385
4.2444,-3.8083
-1.5963,0.74947
-3.013,-0.032453
4.2444,-3.8083
-2.6391,-0.19045
7.5996,-5.5774
-1.1982,-0.47841
-2.6981,0.069495
2.1366,-3.3533
-2.5202,0.2644
-2.6355,0.26331
-3.2753,0.411
-2.7037,0.41917
-2.5816,0.16387
-2.4541,0.0055829
8.01,-4.5394
9.8545,10.078
-2.5906,0.23989
-2.7541,0.1577
9.7863,8.2985
9.0232,8.7826
-2.7251,0.39261
-2.0308,0.47708
-2.8513,-0.04187
-2.4367,0.36739
-2.041,0.90848
-2.2041,0.62872
5.9765,-5.5482
-2.3106,-0.17633
10.469,3.5814
-2.7712,0.46985
-2.0483,-0.56046
-1.1064,0.7466
10.775,3.7537
-2.9795,0.2052
-1.847,-0.17949
-2.0427,0.2218
-2.9169,-0.52423
-2.1818,-0.41812
-1.7186,0.79968
11.195,12.079
8.3074,6.2315
-1.8419,-0.38576
-2.1387,0.38825
8.6253,-5.6356
-2.7666,-0.28568
-2.8597,0.76042
-2.71,0.35248
-1.2617,-0.11673
-2.3203,0.38028
-2.1366,0.32382
-2.2272,0.17266
5.7066,-5.4808
12.203,-4.5458
-2.2805,0.40356
8.8055,8.2997
-2.3482,0.036742
-2.0787,0.33363
-2.2574,0.63085
-2.9137,0.1806
-2.9427,-0.14663
-2.6682,-0.015507
-2.1122,0.6962
-1.751,-0.42959
-2.6621,0.028609
-2.3688,-0.16353
-2.0824,-0.15504
-2.8555,0.50008
-2.0368,-0.90383
-2.3768,0.98812
-1.6408,0.21033
-2.5208,0.050975
-3.0904,-0.10158
-2.6922,0.39904
-2.2071,0.59059
5.3654,-5.0214
-1.6019,0.08448
-2.7102,0.35885
-2.7084,0.36927
-2.6485,-0.627
-1.9251,-0.3234
11.038,13.579
12.83,-4.4028
-1.8048,0.72216
-2.9605,-0.20703
-1.6558,0.53688
9.4635,8.6584
-2.733,0.19724
-2.1837,-0.12058
-3.0229,-0.10266
-3.2094,0.31086
12.921,-4.0532
-3.0625,0.030579
8.2871,7.9945
-1.5188,0.02339
12.908,-4.3116
-1.858,-0.078038
-2.6262,1.0266
-2.476,0.13645
-2.2544,-0.41244
-2.6772,0.40996
-1.5723,0.089952
-2.8457,0.058291
13.934,-2.1369
8.3727,-5.5388
-2.943,0.0092307
-2.699,-0.063999
3.3723,-3.1111
-2.653,-0.25974
6.9985,-4.758
-2.3658,0.11062
-2.0436,0.37216
-1.8715,-0.3137
-2.2691,-0.079846
8.7227,-5.3143
-2.514,0.10434
5.147,-4.3232
8.1623,9.8424
-2.8467,-0.036612
-2.0061,-0.22794
-2.5538,-0.27366
-2.269,-0.5218
-0.52845,-0.069732
5.7873,-5.1407
6.3807,-4.5609
-2.3784,0.50905
12.799,-3.3175
-2.1451,-0.23967
-2.6825,0.38072
-2.877,-0.084081
-2.7014,-0.078957
3.9515,-3.5535
-2.3702,0.22934
-2.1355,0.5173
-2.1637,0.18622
15.74,-0.80991
-2.8946,0.14027
-2.4287,0.033751
-2.1851,0.36649
-0.95426,1.3418
-2.5742,-0.036203
11.463,-5.2242
0.069657,-2.0606
-2.0382,0.14009
-2.7466,-0.19319
-2.0062,0.47381
2.1887,-2.1241
-2.2662,0.29789
2.2792,-2.2238
9.0751,7.8681
-3.0304,0.03597
-2.5162,0.20477
-2.157,-0.13127
-2.5988,-0.15614
-2.8959,-0.27167
-2.296,-0.20762
-2.4289,1.0149
5.1498,-5.0645
-2.7926,-0.060581
-2.3006,0.47755
15.191,-1.1958
-2.4294,0.061389
-2.2805,0.40356
-1.6518,-0.47405
-1.9746,0.15861
-2.7304,-0.49033
1.5289,-2.4424
-2.0921,0.23475
13.523,-2.8894
6.8697,-5.7288
-2.3203,0.38028
-2.0528,0.09662
-2.2163,0.021785
-2.3685,0.17191
11.603,-4.5457
2.4486,-3.3404
-2.4982,-0.072113
-2.1144,-0.95846
-2.4182,0.29466
-2.5046,0.45723
-2.1184,0.46485
-2.3486,0.69942
-2.4445,0.58054
-2.7951,-0.080187
-2.9536,0.1467
-1.8255,-0.17529
-2.5318,1.0579
7.9745,-5.1769
-2.7196,0.09011
-2.2747,0.97588
8.1264,-5.4452
6.1462,-5.0999
-2.5685,-0.12098
-2.5792,0.46881
-2.0376,-0.40518
0.29294,-0.23602
10.043,10.696
-1.7747,0.31168
2.1322,-3.3669
-2.1844,0.10849
-2.266,-0.5921
-2.3626,-0.23001
-2.6864,0.053195
-1.8549,1.5689
-2.9536,-0.084993
-1.8044,-0.34332
-2.1756,0.091402
14.338,-1.8177
10.504,8.7002
-2.0382,0.14009
-1.6284,-0.53991
-1.9048,0.0049955
-2.885,-0.019931
-2.1897,0.51364
-2.3111,-0.16428
-2.1534,0.34095
8.0727,8.8222
3.9815,-3.6937
-2.1552,-0.098274
-2.5298,0.24343
-1.1598,0.042039
-2.1638,0.17115
-1.3893,0.66821
-2.7845,-0.21701
6.4235,-4.4041
-2.8517,0.05093
-2.9049,-0.11931
-2.3604,-0.14327
-2.8108,0.1987
7.8658,-5.3462
-2.0737,0.81875
-1.277,0.067836
-2.9432,0.39773
-1.5406,0.27191
12.727,-4.831
3.0822,-0.47229
-2.2757,0.40824
-2.6349,0.62815
12.457,-4.1551
-1.9183,-0.23654
-1.4386,0.20465
-2.6336,-0.40014
4.2225,-4.8869
10.017,9.2872
-2.5492,0.056914
9.7804,8.253
-2.2253,-0.44277
-2.4285,1.2084
-2.0886,0.91121
-2.2616,0.33849
7.1314,-5.5446
-2.7351,0.82925
11.345,-5.4073
-1.7544,0.19569
-2.3626,-0.23001
-2.5562,0.14918
-2.5326,0.22882
-2.1855,0.26475
-1.9711,0.6027
-2.3606,-0.048563
-2.9864,0.22624
-2.7595,0.031334
-2.7021,0.16597
-2.7886,0.37457
-1.7815,-0.051838
5.756,-5.2026
-2.0378,0.15022
-0.47305,-0.041888
15.233,-1.2417
-2.002,0.29785
0.96734,0.68837
-2.3759,-0.38225
-2.2956,-0.028134
-1.6681,-0.073729
-1.3277,1.2064
-2.0599,0.40002
-2.4438,0.23305
-2.6716,0.7027
-1.969,0.85664
-2.2818,-0.18418
-2.8716,-0.15362
-2.582,-0.50245
-1.58,0.23055
8.0996,6.6056
-2.5332,-0.18271
-2.8289,0.24093
-2.6481,0.5479
-2.8064,0.11252
-2.173,-0.52204
-2.8047,0.49158
-2.5644,0.075242
-1.9768,-0.11135
-2.7696,-0.093351
-2.4353,0.84645
2.3085,-3.0967
-2.1234,0.066273
-2.2268,0.39414
5.147,-4.3232
-2.1591,0.32997
8.4596,-5.8286
-2.6454,0.61654
-2.7377,-0.36134
8.4126,9.5148
-1.965,-0.049639
10.555,2.9966
8.731,-5.3715
-2.9255,0.030825
-2.8676,-0.11391
-2.5337,0.12948
-2.5983,0.50712
-2.0921,0.23475
-2.3795,-0.1433
-1.5345,0.48042
-2.1995,-0.38899
1.4018,-2.5829
-2.5182,0.042641
-2.3944,-0.22833
-1.5767,0.38294
-2.624,-0.33918
4.9715,1.7559
8.1729,-5.7824
-2.9581,-0.16091
-1.6395,0.24274
8.3085,6.1841
-2.6352,-0.31205
-2.2325,0.18892
-2.0455,-0.26909
6.5714,-5.0084
-2.3738,0.43036
13.83,0.096806
-2.2641,0.10866
-2.6634,0.00041793
-2.7965,0.35
-2.0207,-0.20932
-2.0739,-0.25289
4.647,-5.1275
-2.0933,-0.24916
-2.3827,0.54027
-1.9863,0.32435
-2.8955,-0.092505
-2.0876,0.73319
-2.432,-0.070681
-2.7082,-0.017062
-1.9023,-0.66227
-2.3711,0.076711
6.2532,-5.0835
-2.5774,0.72348
-2.4773,0.38368
-2.6779,0.41002
-2.1263,0.50559
-2.0207,-0.20932
13.075,-4.7575
-1.8758,-0.15251
-2.1336,0.18568
9.9341,8.4772
-2.4477,0.9812
-1.9426,-0.59548
7.0864,-5.3855
-2.1002,-0.02402
-2.2941,0.13564
2.9076,-3.9253
-2.7912,0.076852
-2.2198,0.045098
8.5026,7.4069
-3.0025,-0.21159
4.0952,-3.5661
-1.4592,-0.12371
-1.4651,0.5949
5.3623,-4.7456
-2.3486,0.64738
9.0751,7.8681
7.478,-4.9976
-1.776,-0.018346
-2.6418,0.57376
7.8468,7.7472
-2.34,-0.19784
-2.4121,0.11408
-3.098,-0.22171
6.646,-4.7714
11.228,12.231
-2.9182,-0.076115
8.1156,7.0931
-2.5341,0.70289
-2.2012,1.2459
-0.76854,-0.24385
-2.4121,0.36229
2.8135,-3.6075
11.225,-0.12961
-2.3506,-0.25021
-2.1035,-0.059515
-2.7746,0.43194
8.255,-5.5187
-2.6696,0.029745
-2.7238,0.39734
-2.5716,0.51184
-2.1619,-0.34708
6.624,-5.832
-2.1334,-0.016119
-2.2074,0.074538
-2.1421,0.37186
-2.1184,0.46485
0.094881,-2.001
-1.9244,0.71262
-1.3073,0.89318
-2.5253,-0.23464
-2.2469,0.092551
-2.4546,0.29077
-1.7622,-0.61782
-2.2072,-0.13062
-1.7655,0.57924
8.3521,-5.0039
13.442,-1.7364
8.8636,8.1203
-1.0684,-0.11356
-2.0245,-0.38697
-2.652,-0.0044872
-2.978,-0.12244
-2.2791,0.27546
-2.8495,-0.13416
5.317,-4.7363
-2.9641,-0.20192
-2.3416,0.021382
6.6029,-5.562
-2.3165,0.54014
-2.2746,-0.36831
-2.2014,-0.22631
-1.954,0.12936
5.2105,-4.7398
13.354,-3.2422
8.4599,-5.4363
8.1336,8.5302
-2.3096,-0.37418
7.0856,-5.1206
-2.9645,0.32612
-2.3421,-0.42162
12.109,-4.3126
-2.2258,-0.48877
-1.6473,0.5542
-2.5963,0.27359
10.524,8.1263
-2.2763,0.33911
-0.72905,-0.14645
-1.9323,-0.55396
15.076,-0.84425
-2.7575,0.080596
-2.7295,-0.17523
8.792,-5.5415
-2.7973,0.021122
-2.6614,-0.44013
-2.7003,0.22391
-2.8717,-0.20985
-1.804,1.2691
-2.4026,-0.087817
-1.5963,0.74947
-2.4047,0.67534
-2.7973,0.021122
-2.4724,-0.21712
-2.6304,0.44018
-2.7197,-0.04642
8.2611,-5.5628
-1.8418,0.61743
-1.8605,0.14695
-1.8413,0.71523
-2.2576,0.49874
-2.2345,0.42214
-2.1904,-0.51651
-2.0961,0.67766
-2.6299,-0.19933
-2.2606,-0.012677
6.624,-5.832
15.681,-0.79806
2.1322,-3.3669
-0.95445,-0.38097
4.707,-4.8032
-2.3912,-0.33921
4.0865,-4.4141
12.461,-4.5608
6.3986,-4.5669
-1.6181,0.12004
-2.6579,0.30796
-2.7552,0.15804
-2.4228,-0.17276
-2.3203,0.38028
5.3211,-4.8119
-1.9292,0.27903
-2.4636,0.38964
-2.7061,0.23865
-2.2527,0.20868
0.72116,0.81072
-2.4132,-0.19267
-2.8254,-0.13002
7.4493,-5.8636
-2.8707,-0.02393
-2.0544,-0.06667
-2.3984,-0.21672
14.153,-3.0083
-2.0848,-0.042797
2.1272,-2.5725
-2.4349,-0.48654
5.2811,-4.5114
-2.335,-0.4833
-2.6382,-0.1634
-2.3611,0.18636
-2.069,-0.4631
-2.6352,-0.31205
-2.785,-0.072933
-2.8732,-0.2982
13.377,-4.0656
-2.2818,-0.38469
-3.1563,0.27203
-1.9592,-0.063528
-2.7138,-0.12564
-2.7389,0.32316
-2.0221,0.7088
12.773,-3.3179
-2.528,-0.57673
-2.2665,-0.037356
-1.9111,-1.1885
1.7659,-2.5731
10.355,11.029
-1.8667,0.38275
-2.8164,-0.20713
-2.3287,0.12569
-2.6223,0.15655
13.213,-3.0197
-2.895,0.48665
3.996,-3.9174
11.323,11.807
-2.514,0.10434
-2.7657,0.24336
-2.5038,0.60342
-2.7274,0.26691
10.131,8.9676
-3.2753,0.411
-1.8331,0.26227
8.255,-5.5187
6.7427,-4.3003
-2.4672,0.59432
-2.5035,-0.3788
-1.6508,0.10269
-2.5214,-0.44909
-2.2319,-0.19651
-1.4664,1.0469
-2.0211,-0.49354
-2.1771,0.37155
12.329,-4.1836
-3.1543,-0.36473
-2.5799,-0.23993
1.9277,-1.7563
-1.7739,-0.28828
-2.887,-0.017589
-2.6803,0.81886
13.207,-3.8083
-2.3047,0.81377
-2.357,0.59857
11.547,-3.5867
-1.4972,1.4011
-0.67391,-0.22784
-2.7742,0.30008
0.28212,-1.394
-2.1651,-0.036889
-2.3097,0.49168
-2.6577,-0.42372
9.7748,4.356
-2.3474,0.38173
6.8421,-5.7888
-2.9841,0.78305
-2.2753,0.14714
7.2851,-5.0494
-2.5853,0.93449
-2.7096,0.19861
-2.26,0.2648
8.7213,8.7657
-2.4298,-0.50303
-2.2165,0.12677
-2.627,0.46168
-1.8961,-0.12194
-2.8112,0.19117
2.284,1.6458
-2.4013,-0.62272
-2.7576,-0.079933
-2.3544,0.34565
-2.217,0.8449
-2.6537,0.76166
-2.8314,1.2334
-2.1094,0.18009
-2.5304,0.73623
-2.6118,-0.031425
-2.6576,0.49014
6.6163,-5.4883
-2.5066,0.14999
-1.7626,-0.43487
-2.6687,0.25075
-2.0734,-0.36991
-1.8933,-0.10798
-2.9022,-0.19653
-2.5754,-0.27671
-2.1215,0.0071864
-2.7149,-0.30664
-2.6063,0.40424
-2.3347,0.64017
-2.0312,0.78185
6.9854,-5.4403
-1.804,0.67949
12.912,-4.733
-2.5419,0.24086
-2.3727,0.17859
-1.8232,-0.12391
12.793,-4.7134
10.617,9.5454
-2.5225,0.11719
6.7347,-5.3378
-2.8696,0.31992
-2.4306,0.6437
12.616,-4.7529
-2.4306,-0.19547
-2.3592,0.20517
7.615,-5.2047
-2.6312,0.55601
-2.5889,-0.28409
-2.7959,0.56076
-2.1077,-0.047343
-2.5148,0.23846
-2.5858,0.25704
-2.2986,0.081621
-2.6998,0.78307
-2.0803,0.52713
-1.9713,-0.049459
-2.549,-0.69055
6.6164,-5.9063
-2.0519,-0.55194
-2.7416,0.17622
-1.6013,0.18917
-2.4772,0.83479
8.329,-5.4251
6.2396,-4.9435
-2.2377,-0.014164
-2.1315,-0.16119
-2.0059,1.3034
13.033,-4.702
-3.0486,-0.052606
-2.6429,-0.10397
-2.7155,1.2564
13.017,-4.3517
12.511,-4.363
-2.4684,0.075251
9.0635,8.7926
-2.336,-0.31521
-1.8866,0.61627
14.233,-2.2413
-2.9809,0.88721
13.837,-3.9606
-2.2661,0.39142
-2.7172,-0.85948
-2.2986,0.12879
5.1488,-4.8395
-2.4472,0.13927
13.833,-3.7781
-1.9646,-0.30282
-2.275,-0.64428
-2.5563,-0.15503
-2.5128,0.38037
-2.7045,-0.14176
-2.759,0.27512
-2.1761,-0.46815
-2.0273,0.13179
-2.3953,0.60423
-2.326,-0.76032
-2.3868,0.51299
-1.8534,0.58274
-2.6935,0.4729
7.0184,-5.5191
-2.5828,-0.33666
-2.2443,0.68939
-2.7201,-0.34855
-2.5592,-0.14759
-2.4435,-0.62638
-1.6632,-0.55609
5.4795,-4.8716
-1.855,0.90687
-2.5194,0.3823
-1.8115,0.061153
-2.5492,-0.22262
-2.5122,0.66468
-2.6493,0.37689
-2.6316,0.81453
15.242,-0.61467
-2.3895,-0.13713
-3.0023,-0.24844
10.871,10.907
-2.9636,-0.22708
-2.5275,0.16369
-1.4858,-0.88725
-2.7821,-0.22326
-2.3658,0.11062
9.8767,7.6819
8.7112,-5.2905
-2.5502,-0.47326
-2.7329,0.24362
6.8551,-5.186
1.8777,-2.5823
14.091,1.7195
-2.3105,0.20427
-1.9422,-0.1221
-3.0955,-0.25282
6.5207,-5.5919
-2.5018,0.41385
-2.0147,-0.19408
-2.5104,-0.0639
-2.1431,-0.083953
-2.8747,-0.21828
-2.094,0.2039
-1.5389,-0.13145
-2.041,0.90848
-2.5597,0.55316
-2.3678,0.069878
-2.5166,0.42631
-2.9419,-0.11071
-2.8491,-0.13163
-1.9388,-0.17716
9.2514,8.3046
-2.4668,0.28931
-1.6736,0.014015
-2.834,-0.077945
-2.4246,-0.39376
-2.7221,0.28038
-2.2161,0.40631
-1.8952,1.0674
1.3904,-3.1589
-1.9014,0.83991
-2.3811,0.13394
9.0799,8.4217
-2.1361,0.77897
-2.6063,0.40424
-2.349,0.49489
-2.173,0.014838
-2.7285,0.94318
-2.3827,0.4804
-1.931,0.43755
10.394,12.329
-2.6358,0.36767
-1.8898,0.10072
7.9051,-5.1813
-1.9206,0.75512
-3.0158,0.80465
9.5789,9.0666
-1.6496,0.32271
-2.8667,0.069154
-2.6568,0.10271
-2.9159,0.28335
-2.106,0.23832
-2.2976,0.57803
-1.9713,-0.049459
-1.1064,0.7466
-2.4004,0.62816
-2.3423,0.11856
-1.8653,0.18945
-2.5973,0.059795
4.9005,-4.662
-2.4162,0.12653
-1.968,-0.22984
-2.2402,1.1609
-2.6731,0.29339
-2.5555,0.16696
-2.567,-0.49816
7.4493,-5.8636
-1.9961,-0.19702
-2.936,-0.054599
-1.8788,0.11397
2.7175,-3.7402
-2.5022,0.68114
-1.429,-0.70461
-2.8058,0.32211
-2.6733,0.33132
-1.2891,0.090705
4.9425,-3.8758
-2.7601,-0.052207
-1.4943,0.081336
-1.0809,0.22238
-2.6066,0.26259
9.3682,6.1805
-1.0063,0.61018
-2.6003,-0.075251
1.8191,-2.7467
-1.6413,-0.69895
-2.061,0.33027
-2.3946,0.41305
15.505,-1.117
-2.3681,-0.1639
8.7772,8.1632
-2.2559,-0.59355
-2.7606,-0.28701
-2.6567,-0.22273
-2.2853,-0.34334
-2.3442,-0.21262
3.0101,-1.9146
8.4963,-5.9758
-2.5763,0.86493
-2.63,-0.24697
11.808,-4.4414
-1.9396,1.4901
-2.281,0.50067
-2.3759,-0.38225
-1.8723,-0.18988
-2.4496,0.43252
-2.6489,0.028311
-1.7389,0.61836
-1.5974,-0.2508
-2.0681,-0.029291
-2.8047,0.16263
-1.9489,-0.47731
-2.006,0.030279
6.3389,-5.3489
5.4917,-4.8697
-2.0369,-0.16846
10.531,8.8568
9.5789,9.0666
-2.3801,-0.18709
-2.2728,0.69592
4.989,-1.1873
-2.8478,0.19817
-2.6082,1.1645
-2.828,-0.053429
-2.5536,0.61163
-1.4718,-0.87101
-2.3018,0.38796
-2.446,0.1329
-2.0961,0.67766
-1.6357,0.10032
-1.8286,-0.099938
13.017,-4.3517
-2.585,0.10219
-2.2905,0.46286
11.037,-5.2393
-2.0972,0.91536
-2.5955,-0.56608
-2.3413,-0.24114
-1.988,0.038742
-2.3464,0.29977
-2.6086,0.087371
-2.9049,-0.11931
-2.2149,0.34855
5.2161,-4.0523
-1.8755,0.79137
-2.9856,0.19841
-1.8319,-0.28889
-1.987,0.49946
-2.1867,0.17721
12.329,-4.1836
-2.4469,0.16792
-2.2582,0.20063
-2.5319,0.59168
-2.5332,-0.47584
6.1483,-4.7318
-2.5346,0.037114
-2.7927,0.23267
-2.5089,0.36791
-2.4062,-0.45198
-2.7208,-0.011099
8.384,-4.7844
-0.85028,1.8211
9.6254,7.5536
-2.1357,0.80286
-2.2511,0.056431
-2.6567,-0.22273
6.993,-5.5753
-2.6086,-0.29425
6.9498,-4.9223
-1.9225,0.54807
-2.0788,0.54915
-2.4621,0.018105
13.203,-4.3644
-2.0221,0.34359
12.86,-4.929
-2.9166,-0.25685
12.606,-4.9139
-2.5237,0.64761
8.0847,4.8009
14.99,-1.3135
-0.57764,1.9452
-1.7714,-0.41214
-2.3455,-0.47071
-2.7259,0.20416
-2.7464,-0.52427
6.9872,-5.8217
-2.831,0.50383
-2.1893,-0.31885
-2.3948,0.12253
6.8116,6.0868
-2.6153,0.41018
-1.972,0.34558
-2.2137,-0.39443
-2.0157,0.31222
-2.5754,0.46667
-2.5392,0.23252
-2.5198,-0.41062
-3.0025,0.69382
-2.3002,0.93414
-2.4821,0.10306
-2.5914,0.061491
-2.8743,0.62234
7.0452,-4.4545
-2.6544,-0.081327
13.934,-2.1369
14.347,-1.8528
-0.92238,0.087158
-1.7655,0.57924
-2.6659,0.4725
-1.9238,0.94998
-2.8403,-0.18275
-0.56997,0.34238
-2.5675,-0.087403
-1.9605,0.75422
13.144,2.8879
-2.4497,0.15197
-2.155,1.1427
-2.8406,-0.1891
-2.1149,0.59413
-2.574,0.23304
-2.9466,0.18165
-2.4035,-0.18278
-2.6459,0.51259
-2.4231,0.47809
-1.7448,-0.21204
-2.7172,0.37412
-2.5023,0.23366
9.2693,-5.9558
-2.7293,-0.13179
-2.4469,0.16792
-2.6522,-0.063573
-2.3001,0.56627
4.4589,-4.6714
4.5337,-1.4576
-2.0855,-0.32578
-2.6567,0.85517
-1.5988,0.44847
-2.7459,0.64735
-2.4455,0.052883
-2.7243,0.089542
-2.8913,0.2623
5.8554,-4.6106
-2.5559,0.1669
-2.422,-0.48898
8.3282,-5.3489
-1.4315,-0.65022
7.638,-4.2989
-2.4946,-0.54444
2.7006,-2.7279
-2.1303,1.0916
-2.3559,-0.43961
10.921,12.734
-2.1003,-0.3042
-1.9864,-0.16583
6.8682,3.8615
-2.1005,0.29855
-2.3627,-0.23471
-1.7611,-0.69136
7.4405,-4.6626
-2.7126,0.32153
-2.5065,-0.23062
-2.801,-0.16573
-2.9128,-0.033932
-2.4178,-0.59479
-2.2307,-0.099066
10.184,12.924
-3.1741,0.052065
-2.5247,0.47656
-2.5746,0.24322
-1.2891,0.090705
10.736,12.464
-2.4766,-0.30622
-2.325,0.39256
-2.4017,0.36925
-2.4997,0.56138
3.7212,-3.5589
8.2832,3.9031
-2.4862,-0.050396
-3.0021,0.24987
6.5044,-5.0183
-2.6058,0.26172
-2.7558,0.48606
-2.6453,0.17225
-2.2511,0.056431
-2.6733,-0.35261
-2.1554,1.0235
-2.4826,0.45384
-2.7026,0.22115
13.086,2.4381
-2.7289,-0.030206
-2.6951,0.38503
15.427,0.082943
-2.6103,0.15187
-2.7037,0.29333
-2.1066,-0.082944
-2.2485,-0.23082
-2.1266,0.42822
2.5373,-1.067
-1.8493,-0.44261
-2.8027,0.095039
14.581,3.5061
-2.2748,-0.26276
-1.8606,0.16566
-2.3283,0.53312
-3.0375,-0.32263
-2.9809,0.88721
-1.6011,-0.78349
3.7482,2.3052
-2.7834,0.48235
-2.404,-0.28767
-1.6186,-0.43043
-2.8342,0.20601
-1.9676,0.44639
15.259,0.66969
-2.8227,0.19021
-2.6168,0.18437
5.3283,-4.4849
-2.1551,-0.33945
-2.7696,-0.093351
-1.9131,0.035557
-2.6995,-0.41579
-2.8385,0.062936
4.1687,-3.7278
-2.6811,-0.40923
-2.2073,-0.20821
-2.1196,-0.58645
-2.3747,-0.095705
2.7546,-3.6643
-2.4154,0.14903
6.1379,-5.8734
1.7488,1.5171
-2.2137,-0.39443
15.5,-0.73457
-2.0489,-0.51646
11.976,-4.7993
-2.1616,0.068593
-0.8073,-0.97115
6.0208,-5.0916
-2.2535,-0.61836
13.202,-4.0926
-1.9093,-0.41244
-2.201,0.072661
-2.0961,0.67766
-2.6859,-0.12909
-1.6309,-0.35705
-2.0963,0.30629
-1.6452,0.45203
-2.5244,0.22339
-2.2037,-0.02524
-2.4033,0.27924
-1.6581,0.44397
-3.0582,-0.1717
-1.9098,-0.0043074
-0.99743,0.36443
-2.4354,0.19653
12.547,-3.426
-2.4222,0.09481
-2.1001,-0.38373
-2.1619,-0.16781
14.269,-2.1592
13.039,-4.5193
-2.4634,0.42873
-2.2722,-0.046905
-2.6828,-0.082449
-3.0344,-0.25758
-2.1202,-0.0035832
-0.52877,0.16831
-2.1209,-0.35233
7.3723,-5.4903
-2.6173,-0.12035
-2.2796,-0.085259
8.8339,8.1819
3.8688,-3.5675
8.7772,8.1632
12.454,-4.0716
-2.2436,-0.058317
-1.9279,0.29208
-0.1868,-1.7817
4.8763,-4.0569
-2.7267,0.52303
-2.3783,-0.0673
9.3765,-5.7702
-2.9149,-0.47287
-1.7508,0.30864
-2.0303,-0.075598
-2.1438,0.26394
-2.1756,0.091402
-2.2576,-0.34422
-2.2285,-0.095952
-2.4932,-0.50384
-1.8719,-0.48152
-2.6922,-0.17638
2.0763,-2.5468
-2.1848,0.13693
-2.393,-0.29551
-1.9167,-0.24141
-2.3399,-0.030932
6.9717,-5.5394
11.932,0.95658
-2.3478,0.73602
-2.6385,0.56693
-2.4088,0.24797
-1.9687,0.29361
-2.0378,0.15022
-2.7685,-0.24876
10.072,8.458
-2.549,0.21244
-2.9211,-0.19639
-1.6799,-0.71351
-1.8675,0.7703
-2.6082,0.58559
-2.0369,-0.19047
-2.4151,0.29474
-2.5886,0.063237
-2.0151,0.64428
-1.9807,-0.47881
10.291,9.2184
4.6288,-4.1848
12.329,-4.1836
-2.0151,0.64428
-2.391,-0.42734
-2.2638,0.085191
6.8857,-5.9085
15.465,-0.80183
-1.0384,0.17424
-2.8061,0.24246
-2.1797,-0.76329
-2.942,-0.21301
-2.3511,-0.0076626
9.9063,10.248
-2.7084,-0.097648
10.097,7.8309
7.9985,-5.5463
-2.5258,0.041154
-2.1761,0.64737
-2.5174,0.46486
-2.6205,-0.27781
-2.86,0.17678
-1.9753,0.081128
-2.3354,-0.029477
13.994,-2.6548
-2.4595,0.46148
-2.2565,0.2174
-2.5264,-0.070092
-2.5981,-0.15415
5.557,3.7189
11.462,-3.9874
-2.5532,0.28699
-2.7359,0.46675
-2.2161,0.40631
-2.1641,0.85411
-2.5206,0.4638
8.1413,-5.4783
10.2,5.7528
4.1334,-4.161
5.4804,-5.2784
-2.6454,0.92204
-1.8508,0.30457
-2.5867,0.93471
-2.8906,0.30346
-2.4869,0.76845
-2.8571,0.04796
-2.5996,0.71537
-1.9972,0.45761
-2.2707,-0.33134
6.6346,-5.3899
14.705,-1.2564
-1.7276,-0.2776
-2.4641,0.23789
-2.1781,0.27161
-2.8017,0.48091
-1.0319,-0.10747
-2.6483,0.42471
-2.3214,0.29215
-2.6828,-0.082449
-2.4278,-0.061874
-2.3989,-0.3288
6.0335,-5.3176
-2.52,0.40978
-1.6521,-0.52077
-2.5182,0.052543
-2.0656,-0.64907
-2.6505,0.36769
-2.894,-0.35643
12.332,7.2914
-2.2756,0.015424
-2.8851,-0.28694
1.9934,-2.94
-1.809,-0.14952
-2.5863,0.055176
-2.0793,0.047352
-2.8895,0.45466
-1.8935,-0.16333
13.18,-3.7368
-2.6783,-0.12018
8.6595,-4.9374
-2.4844,-0.028448
-2.4034,0.064854
-2.2061,0.83887
-1.7371,0.6069
1.9822,-3.3222
14.346,-3.4177
-1.717,-0.18719
9.5415,9.8138
-2.33,0.47833
8.4529,9.0679
8.1947,9.1916
-2.4507,-0.091744
-2.8791,0.072069
6.6997,-5.2741
8.3858,6.1496
-2.1304,0.041054
-1.4804,-0.43917
-2.2015,-0.086194
-2.8345,0.64792
-2.2009,-0.59227
-2.8091,0.30537
-2.6182,0.18382
-2.6754,-0.35255
-2.5245,-0.20599
-2.4278,0.35452
-2.7762,-0.023877
-2.0519,-0.55194
-1.5487,-0.39557
-1.2869,-0.24971
5.5525,-4.5434
-2.1659,0.35574
-3.0369,0.073595
-2.2532,0.15635
-2.5902,0.28768
-2.5858,0.25704
-2.1909,0.10226
-1.9312,0.26737
-1.6822,-0.24396
-2.5461,0.11265
9.5789,9.0666
-1.9995,-0.27445
-1.8319,0.16937
-1.9171,0.30502
-2.245,-0.020261
-2.8273,0.43736
14.404,-2.3376
-2.1666,-0.36039
1.3801,3.2177
-2.4349,-0.43713
-2.0921,0.97761
-2.7631,0.40033
13.108,-4.5058
-1.5487,-0.39557
-2.4438,0.23305
-1.6947,0.42269
-2.0779,0.31456
10.536,2.6687
-2.0121,-0.2789
-2.1094,0.18009
-2.5585,0.25502
-2.6129,-0.51941
6.619,5.4797
-2.5491,-0.26407
-3.0141,-0.10258
-1.798,1.2093
-2.5601,0.23578
-2.8671,-0.16472
-1.6799,-0.71351
-2.4191,0.14848
-2.6662,0.44136
-2.3985,0.42959
12.716,-4.3989
-2.2392,0.14857
-2.2407,-0.025089
-2.5406,0.19297
-1.9538,-0.13796
-2.4351,0.8064
-2.2364,-0.45311
-2.9724,-0.13897
-2.26,0.2648
-1.8956,0.15084
-2.5994,-0.5653
-2.5484,0.63019
-1.4305,0.33547
14.494,-2.7876
-2.6694,0.027003
-2.4648,0.35726
8.8157,-5.2535
-2.4712,-0.10284
-2.446,0.38835
-2.5604,0.20828
15.678,-0.21146
-2.5474,0.85714
-2.9555,-0.24445
-1.5168,-0.28679
-1.9928,0.44574
-1.9292,0.27903
-2.5941,0.47317
-2.5736,0.70299
-2.6673,0.16609
-2.6289,-0.047111
-2.9291,0.081471
7.0006,-5.449
-1.9914,-0.10685
-2.9565,0.39879
6.5736,-4.6837
-1.9582,0.43946
-0.84568,-0.22911
-2.4323,0.40333
-2.3926,0.70379
-2.6727,-0.66713
-2.3096,-0.37418
-2.7051,0.61243
-2.3519,-0.37083
5.7027,-5.0403
-2.2257,0.25396
-2.037,-0.6394
-2.991,0.54435
11.094,13.297
14.769,-1.7072
-2.2875,0.27268
-1.444,0.1186
-2.4474,-0.23889
-2.5404,0.13838
-2.8351,-0.13412
9.9723,8.7174
-1.9974,0.8652
-2.6896,0.14659
-2.4642,0.17034
-2.6812,-0.15438
7.053,-5.574
10.469,3.5814
9.4749,7.0899
-2.5068,0.48598
-2.5517,0.11271
-2.3778,0.026841
12.561,-3.6108
14.366,-1.7889
7.5287,6.0484
-2.6847,-0.062804
8.5026,7.4069
-2.0351,0.22524
-2.4482,-0.34759
12.73,-4.4949
-2.6177,-0.27907
-1.7403,0.0078545
-1.8949,0.28628
-2.6259,0.61558
-2.2324,-0.4806
9.5903,8.3371
-2.4266,0.7231
-2.7967,0.016194
-2.2815,-0.10094
-2.221,0.38956
-2.6795,-0.16774
13.606,-3.864
-2.0248,0.47854
-1.9225,0.54807
-2.6442,-0.20392
-2.5316,0.19005
-2.5083,0.13803
-1.4783,0.19009
10.851,10.62
14.776,-1.5069
-2.1183,0.77094
-2.2277,0.19383
6.5589,-3.9586
-2.9033,-0.10944
8.1389,-5.4769
-2.1193,0.17169
6.6164,-5.5541
-1.292,-0.059434
-1.5646,0.16137
-2.6096,0.8573
-1.676,0.7144
6.7773,-4.8722
-2.177,0.086495
-2.5189,0.10396
-2.2346,-0.37722
-2.4197,-0.23862
12.521,-4.2378
-3.0266,0.25405
-2.4008,0.14363
6.6049,-5.0189
-2.8308,-0.18241
11.894,-4.9437
-2.2781,0.68453
12.561,-3.6108
-2.1807,0.59977
-2.4257,-0.43061
-2.0216,-0.45181
9.0237,8.4095
-2.6213,-0.029196
-2.7718,0.10096
10.291,9.2184
-2.3326,0.11484
-2.1689,-0.27793
-2.6968,0.10712
-2.0928,0.88369
-0.85248,0.26795
9.3089,10.151
-2.3214,0.29215
-1.9807,-0.47881
-1.7657,0.42221
-2.8197,0.24236
14.5,-1.9516
-2.7416,0.17622
-1.9115,-0.061648
-1.8849,0.41817
-2.212,0.40398
8.3085,6.1841
5.3602,-4.4792
-2.641,0.049982
-2.4535,0.74375
-1.6968,0.010077
3.0823,-2.6761
-2.17,0.12786
2.43,-3.0365
-0.91076,0.40906
12.95,-4.1336
-2.6864,0.053195
-2.1731,-0.11957
8.5556,8.4148
10.227,8.7658
13.553,-4.2262
-1.5301,-0.33316
-2.1008,0.1399
-2.7632,0.38915
12.461,-4.5608
-2.4062,0.29494
10.503,9.2891
-2.492,0.163
-1.9042,0.22606
-2.2582,-0.064071
5.5853,-3.9631
-1.7157,0.30382
-2.4212,0.13892
-1.9436,-0.14639
-2.1414,-0.029508
-2.5285,0.56495
-1.9981,0.43487
-2.4595,0.46148
-1.5674,-0.059895
-0.2868,-0.71092
-2.1783,0.28224
6.6029,-5.562
2.6899,-3.5071
-2.1203,0.096508
-2.1125,0.73277
6.26,-5.2798
-2.749,0.082288
14.222,-1.4601
1.6612,-2.3877
-2.7729,0.32374
-2.2321,0.16592
-2.8537,0.094777
-2.6625,0.20757
-1.935,-0.33296
1.8503,-2.9282
-2.3313,-0.083082
-2.5226,-0.33902
-2.5787,0.34404
-2.3663,0.37894
-3.104,0.72686
-2.5068,0.48598
-2.5269,0.1324
2.0908,-2.9374
-2.7694,0.26646
-2.3213,-0.16604
9.534,6.3561
6.9616,-5.2244
-2.8068,-0.019577
-2.3476,0.22315
-2.0853,0.9218
-2.7433,-0.13431
-1.3471,1.0081
-2.2932,0.43415
10.279,8.5981
-2.8164,0.25674
-2.0963,-0.0032407
-2.7727,0.25049
-2.8562,0.41757
-2.2709,-0.40962
-2.1933,0.16696
6.3104,-4.9492
-2.3638,-0.19272
2.8309,-1.9583
-2.1254,0.54093
-2.5813,0.49808
-2.9579,-0.08069
-2.7608,0.30857
-2.4521,0.53955
-2.2602,-0.028865
-2.1804,-0.76544
-2.029,0.83645
-2.2186,0.95412
14.337,-2.6886
-2.6968,0.10712
7.0472,-5.9587
-2.6363,0.24301
-2.2805,0.82446
11.161,9.1202
-2.8006,-0.38082
14.138,-1.9282
-2.3413,-0.52763
13.683,-2.5874
-2.5933,0.35986
-2.7155,1.2564
-2.4905,-0.38978
-2.6514,0.33798
-2.2757,0.36776
-1.6689,-0.037275
-2.4898,0.34312
-2.7683,0.76978
-2.3214,0.29215
-2.5002,-0.0088933
-2.5148,0.16389
-2.0881,-0.11811
-2.7455,0.13326
-1.5525,-0.68072
-2.539,0.49109
-2.195,0.12404
-2.7509,0.11596
7.7935,-5.0785
-1.8319,-0.28889
-1.9234,0.2069
5.6608,-4.7163
-2.5636,0.41787
-2.7653,0.86101
8.792,-5.5415
-2.5645,0.53036
1.7018,-2.7746
8.7546,-5.258
-2.25,0.62468
-2.2237,-1.0192
-2.3165,0.86963
-2.225,0.70346
-2.5636,0.033932
-2.2766,0.1293
-2.3431,-0.056096
13.934,-1.7288
15.259,0.66969
-2.0525,-0.01814
-2.4756,0.32922
-2.3384,0.66344
13.948,-3.6574
-2.3214,0.29215
10.043,10.696
10.314,4.0967
-2.4718,0.53701
8.1891,9.1277
-2.0974,0.14071
9.043,-5.903
-1.6968,0.010077
-2.328,1.4867
8.4874,7.9544
-2.4844,0.081162
-2.7892,0.51292
15.399,-0.41875
-0.99523,-1.2734
-2.4291,0.59347
8.2936,-5.687
-2.3482,0.79956
8.0847,-4.4837
-2.7367,-0.64393
-1.8171,-0.28619
-2.5526,0.67373
-2.1384,0.12883
2.2487,-3.1677
-2.0955,0.58329
8.9283,-5.2056
-2.8467,-0.036612
-2.6098,0.56376
-2.8211,-0.054534
-1.8493,-0.2698
10.178,-4.6933
-2.7492,-0.0047891
-2.7082,-0.017062
-1.8412,0.53729
-2.8932,0.025528
-0.33705,1.2695
11.811,6.1639
2.1512,-2.4776
-2.6505,-0.54164
-2.724,0.18039
0.10356,-1.576
-1.8492,1.7523
4.7301,-2.6734
-2.0257,0.71988
5.5932,-4.4341
-1.0922,0.015579
-1.8812,-0.61242
-2.2893,0.65956
-2.4215,-0.62309
-1.6819,1.0027
13.108,-4.5058
-2.1528,0.42373
1.8787,-2.7912
-2.3602,-0.24632
13.237,-3.0651
-2.322,-0.3725
-1.8927,0.047872
-2.6773,0.038165
5.6043,-4.1362
9.3557,-5.3574
13.54,-4.2467
-2.173,0.014838
-2.7282,0.30154
-2.742,-0.37063
-2.0699,-0.38729
-2.6693,0.48415
-2.7724,-0.055587
-2.4725,0.37604
-2.5972,0.046515
-1.6669,-0.16236
-2.0267,-0.48973
-1.309,-0.96135
-2.1709,-0.49248
5.331,-4.7116
-1.2023,0.1504
5.8366,-5.1117
-2.3562,0.10261
-2.3203,0.38028
9.1172,8.0408
-1.895,-0.040253
-1.994,0.030172
-2.2023,-0.29696
-1.7637,-1.033
-1.6261,0.58846
-2.5305,-0.11725
-2.4281,-0.11021
0.33409,0.27686
-1.8902,0.21782
7.0472,-5.9587
-2.3132,0.16451
-2.2462,0.22084
-1.2209,0.07918
-2.622,-0.07058
5.9161,-5.4898
-1.5797,-0.068536
-2.4054,-0.31861
-2.8385,0.062936
-1.5563,-0.24489
-2.6215,-0.087048
-2.7259,-0.073731
9.4376,7.3061
-2.0699,0.19106
8.0847,-4.4837
5.083,-5.1433
-2.5759,0.78463
-2.5958,0.24372
5.7632,-4.5129
-2.9706,0.087701
-2.1575,1.0164
2.8181,-3.2662
9.3143,8.1241
-2.2748,0.57447
-2.372,-0.018611
9.7197,10.35
-2.0699,0.3642
-2.4019,-0.079989
-1.984,1.2356
10.461,8.7769
-2.1748,0.98833
-2.0464,0.35485
-2.662,0.09044
10.58,7.268
-2.3737,-0.064491
-2.345,-0.2162
-1.2745,-0.085285
-3.0153,-0.34881
9.5556,-4.5695
-2.7022,0.22593
-2.3422,0.34836
13.015,-3.6026
-2.5695,0.020462
-2.4844,0.081162
-2.7344,-0.060112
-1.9071,-0.59271
-1.2979,-1.1042
-3.1033,-0.29895
-2.5016,-0.45372
12.956,-2.8003
-2.7365,0.44115
-2.0489,-0.51646
-2.1364,-0.45422
-1.4063,0.71758
12.753,-4.7402
-2.763,0.52816
-2.4641,0.4821
-2.9898,-0.28068
-1.2344,-0.15113
-1.7857,-0.78047
-2.4542,-0.12688
-2.6238,0.42655
-2.2436,-0.058317
-2.4679,-0.3718
-3.0347,0.1691
-2.3333,0.1337
-2.2544,-0.41244
-2.1444,0.26822
-2.7862,0.32531
12.927,-3.6628
-1.9698,0.36309
-2.7858,0.19165
-0.75438,0.54105
-1.968,-0.22984
-2.2093,-0.40946
-2.0986,0.74401
-2.4289,0.38489
-2.7221,0.28038
-2.8614,-0.24623
-1.9226,-0.024867
4.8025,-4.1474
5.0401,-4.3239
-2.182,0.66675
7.6105,5.9407
15.076,-0.84425
-2.5362,0.055114
-2.3773,-0.0029718
-2.4425,0.092678
-2.2422,-0.32295
-2.6694,0.027003
7.7898,-5.5314
11.798,-3.6039
-1.9003,1.0691
-2.4432,0.28086
-2.3886,0.26252
-2.7027,0.25331
-3.0961,0.094338
-2.5072,-0.14412
-2.2691,0.18648
-1.3672,1.1105
-2.4162,0.12653
-2.7658,0.40353
-2.4004,0.40512
-1.9324,0.23421
-2.1343,0.33699
-2.6845,0.50897
7.6519,-5.4807
10.612,4.2689
-3.0461,0.40727
-2.6327,-0.38347
10.348,9.567
-2.147,-0.23965
-2.4791,0.87421
-1.9358,0.31626
-2.5431,0.25564
6.6694,5.0679
-2.0951,0.32495
-2.2648,0.087351
-2.5002,-0.0088933
-2.4589,0.44513
-2.1444,0.16453
-1.8478,-0.39257
-2.4686,0.23356
-1.9304,0.40663
-2.1036,-0.069897
10.617,9.5454
-2.0989,0.045775
-2.0122,0.4254
7.9745,-5.1769
-2.8517,0.15519
-2.7664,0.29831
-2.4014,0.26409
-1.895,-0.040253
-0.89142,-0.20826
-1.9768,-0.11135
-2.325,0.26709
-2.4809,0.70955
-1.5812,0.43815
-1.7902,-0.16484
12.407,-3.6658
-1.751,-0.42959
-0.29124,2.1489
-2.4664,0.018191
-2.2045,0.29575
-2.5836,0.15212
-1.9217,-0.26669
-2.5158,0.70347
-1.6632,-0.55609
-2.2532,0.15635
-2.1641,0.85411
5.0559,-4.633
-2.4369,0.027159
-1.8769,-0.40704
-2.4742,0.36958
-2.632,0.27823
-2.5065,-0.23062
5.541,-4.4817
-1.2248,-0.55229
-2.5775,-0.19774
-2.8434,0.64376
9.628,7.4703
-3.1449,-0.15889
0.069657,-2.0606
-2.2763,0.33911
-2.3637,-0.1455
-2.0328,0.19953
-2.6972,0.30486
0.0074651,-1.121
-2.5799,-0.23993
-2.4909,-0.17257
-2.301,0.54753
-2.0611,0.80803
-1.9983,-0.91739
-1.3099,0.86497
-2.4538,0.99599
-2.585,0.44375
-2.4278,0.35452
-2.0981,-0.20494
-0.79201,0.7219
-1.5309,-0.50013
-2.2791,0.27546
-2.9038,-0.11016
