-2.8995,0.058748
-1.9289,-0.49096
12.916,-4.4088
-2.8309,-0.13375
-2.2642,0.36981
-2.1549,-0.47291
-2.5817,0.428
-2.8809,-0.08343
-2.7814,0.062505
-2.0777,0.090481
-2.725,-0.18754
-1.9706,0.10452
-2.7032,-0.2425
8.7791,8.2714
-1.8958,-0.32567
-2.6446,-0.16502
-2.3367,0.16291
-2.919,-0.12757
-2.8516,0.057762
-2.2941,-0.12454
-2.4432,0.25909
9.3775,8.4539
-2.0385,0.011181
-2.8701,-0.34063
-2.7595,-0.083558
-2.4005,0.44369
-2.1126,0.060345
-2.6699,-0.18375
-2.4948,-0.22962
-2.743,-0.20721
-2.303,-0.20476
-2.5536,-0.020436
-1.6821,0.26077
-1.4712,-0.31144
-2.685,-0.48618
-2.9902,-0.22817
-2.7448,-0.053228
-1.848,-0.34012
-2.5905,-0.18229
-2.9974,-0.39766
-2.3477,-0.2238
15.658,-0.74416
4.9185,-4.9262
-2.5406,-0.046197
5.3009,-4.0887
-2.654,-0.44594
-2.8404,-0.074126
-0.085337,0.48288
-2.8058,0.0028733
8.2113,7.7892
14.028,-2.9033
-2.692,0.63673
-1.7507,0.56529
-2.8433,-0.31259
-2.5867,-0.067494
-2.9279,0.11366
-2.5974,-0.11153
9.0791,-5.3782
-2.3271,-0.49745
10.669,10.676
-2.9171,-0.082695
-2.5432,0.074564
-2.5007,0.67239
-2.8939,-0.10586
-2.6092,-0.53972
9.8109,9.8387
-2.4947,0.03942
12.908,-4.8687
-2.9987,-0.21388
15.261,-0.77478
-2.9326,0.12193
0.5356,-2.0366
-2.3314,0.8436
-3.042,0.0074104
-2.6206,-0.10017
8.7309,-5.2953
-1.6896,0.10977
-2.7432,0.21878
-2.3561,-0.072618
-2.3073,-0.018281
-2.9826,-0.097106
-2.7376,0.38716
9.3772,7.7792
-2.8572,-0.087384
-3.0241,0.058542
-2.5966,-0.39905
-1.8661,-0.21013
12.273,-4.0344
-2.8789,0.034967
8.2815,5.5312
-2.8591,-0.005384
-2.9892,-0.12335
-2.2833,0.054865
-1.9659,0.23513
-2.507,0.24346
-2.6282,-0.38087
-2.4162,0.31953
15.123,-2.014
-2.766,0.029204
-2.8922,0.10575
-2.2364,0.67735
-2.7452,-0.16924
-2.6241,0.06567
-2.847,-0.18294
-2.8644,0.27518
-2.7304,0.30641
-2.8521,-0.57903
13.229,-4.6896
-2.688,-0.45389
-1.6553,0.67176
-2.3736,-0.55286
11.029,12.899
-2.9536,0.1467
12.893,-4.8795
-2.6777,-0.049697
-2.5932,-0.31545
-2.2132,-0.53753
-2.7254,-0.13755
8.7989,8.6245
0.31636,-1.9392
-3.0247,-0.08564
-2.8429,-0.4301
-3.0346,-0.24186
-1.8706,0.87489
-2.853,-0.12212
-2.8746,-0.07703
15.865,-0.52027
-2.4291,-0.24315
7.692,-4.3761
9.9575,9.551
-3.0203,-0.29078
-2.2045,0.60722
-2.7341,-0.20132
-2.4941,-0.34979
-1.5533,0.38961
-2.2718,-0.069075
-2.0521,-0.54171
-1.6755,0.42616
-2.6116,-0.03839
10.408,-4.7553
-2.974,-0.081853
-3.1051,-0.10917
-2.5236,-0.27917
-2.7747,-0.31746
-2.8462,-0.39538
-2.7595,0.11706
12.911,-3.7268
-2.4102,0.46741
-1.6617,-0.003591
-2.6175,-0.037173
6.4857,5.86
-2.7747,-0.36106
-3.0023,-0.24844
1.0503,0.11607
-2.7611,-0.082062
11.99,8.9602
-2.9269,-0.11375
-1.9125,0.39705
-2.3369,0.56184
-2.0272,-0.09268
-2.9931,-0.31256
-2.876,-0.34091
-2.5681,0.5862
-1.891,0.63921
-2.769,0.27233
-2.1203,-0.10344
7.6465,3.9143
-2.997,-0.19802
-2.3438,0.64192
-2.6411,0.62245
8.5574,-6.0768
15.727,-0.66272
-1.8267,0.5807
-2.3313,-0.064211
-1.8449,-0.29801
8.4196,9.055
-2.4163,0.14582
15.166,-1.8804
12.121,-3.3585
-2.6077,0.063418
-3.1163,-0.28832
12.456,-4.3643
-2.9269,-0.11375
-2.9168,-0.3243
-2.5614,-0.2416
6.2381,-5.5004
-2.6073,0.33782
-2.9038,-0.11016
-2.9902,-0.22817
-2.7938,-0.072297
5.2711,2.9733
-2.8161,0.10655
-2.8662,0.065168
-3.0132,-0.094951
-1.4966,0.28195
-2.2611,-0.063893
-2.9333,-0.054686
-2.9107,0.21513
-2.4402,-0.040639
-2.2419,0.078078
-2.6931,-0.46909
13.359,-2.3289
-2.1691,0.029403
-2.676,-0.33498
1.2166,-2.6142
-1.3851,-0.93518
-2.9078,-0.22398
-2.8562,0.028649
-2.426,-0.4648
15.647,-0.6324
-2.7304,0.30641
-2.3998,-0.48197
-2.7858,-0.036015
-2.926,-0.11822
-2.7556,0.012161
14.69,-2.6889
-2.6052,0.020477
-1.8639,-0.10778
-2.8914,-0.0050008
-2.704,0.44061
-2.6031,-0.0014629
6.5915,-5.2957
-2.0987,-0.28012
-2.8204,-0.28868
-2.7917,0.28003
-2.9479,-0.051619
-2.6933,-0.021939
-2.6125,0.39704
-2.6751,-0.14762
13.155,-4.637
-2.447,-0.299
-3.053,-0.17567
-2.3488,-0.49245
-3.0023,-0.24844
11.221,13.134
-2.079,-0.066926
-2.0649,0.37142
-2.5646,-0.16739
11.117,12.786
10.363,11.067
-2.8222,0.13257
-2.5151,0.46009
8.2706,-5.7649
-2.4541,0.063601
-2.2926,0.34281
10.386,9.6008
-2.7202,0.63874
-2.6117,0.2573
-2.833,0.2687
13.765,-4.0234
-2.8509,0.15509
-1.8755,1.0951
-2.2377,0.37061
-1.9047,-0.29323
-2.3461,-0.14622
-2.7354,0.22908
-2.6193,-0.21156
12.425,-4.7111
-2.4606,0.35094
-1.9125,0.39705
15.254,-1.7292
-2.6312,-0.46549
-2.3,0.38688
-2.7015,0.044696
-2.445,0.27416
-3.0172,-0.056868
-1.5754,-0.15961
-2.9159,-0.13044
13.537,-1.9615
-2.4696,-0.17559
-2.7052,-0.11623
-2.5384,0.16049
-3.0407,-0.30433
-2.5635,-0.015968
-2.9524,0.1496
-2.9417,-0.1295
11.329,12.964
-3.0087,0.10874
-2.3774,0.04361
-2.2536,0.52616
-3.0242,-0.17995
-2.9599,-0.17736
-2.2521,0.2474
-2.7236,-0.10833
7.8848,6.0331
-2.7689,0.35911
-3.0289,-0.14813
-2.267,-0.17589
-1.5895,-0.56901
-2.0408,0.47781
-2.7981,-0.12944
-2.6649,-0.70074
-2.9906,-0.17648
-2.3375,-0.018732
9.3323,9.1502
-2.6952,1.0565
-1.6971,-0.52871
-2.6645,-0.083467
-2.576,-0.38388
-2.494,-0.4255
7.6697,-5.1581
-2.2069,0.44864
6.3808,-5.0703
-2.6442,0.55363
-2.3725,0.61926
-2.8593,-0.10743
-2.1258,-0.16072
-2.2364,0.67735
-2.7867,-0.063074
1.5506,-2.6907
-2.0853,-0.078233
-2.6896,-0.36748
-3.0691,0.1513
-3.0013,0.82614
8.8438,6.33
-2.3049,0.36596
-2.8222,-0.094285
8.4051,5.5734
3.6306,-2.636
-2.6918,0.23072
-2.684,-0.25637
-1.7621,1.0992
-2.5365,-0.67078
-2.3372,-0.17118
-2.8387,-0.59305
-2.5271,-0.13027
-2.7411,-0.35641
-2.9258,-0.28958
-3.0219,-0.025384
-1.9659,-0.34607
-2.8049,-0.17411
12.918,-4.7159
-2.2166,-0.26253
-2.89,-0.24763
-2.6452,-0.8609
8.9335,-5.947
-2.6528,0.34257
10.229,6.4744
-2.9861,-0.11673
-2.8434,0.0049459
-3.0314,-0.19583
-2.703,0.0099071
13.229,-4.6896
-2.9128,0.10934
-2.7513,0.1448
-2.3273,1.1852
10.341,9.3455
-2.4631,0.46017
-2.4464,-0.092374
-2.4814,-0.17858
-2.8698,-0.028307
-2.002,0.46945
-1.1832,0.79636
-2.9195,-0.084762
-2.7094,-0.62994
-1.8752,0.6033
-2.6505,-0.2268
-2.0378,-0.64633
-2.5976,-0.39126
-2.5997,-0.43466
-2.4229,-0.41128
-2.9813,-0.10569
-2.935,-0.099736
-2.6743,-0.085784
11.002,9.9019
10.891,11.685
-2.9026,-0.10726
-2.3069,-0.62048
-2.1835,0.2019
-1.9366,-0.52257
-2.9911,0.10353
-2.7418,0.032988
-3.0637,0.067592
-2.5445,-0.15068
-2.7028,0.032894
-2.7352,-0.13616
9.7744,10.086
-2.9508,-0.0063363
-2.8851,-0.15981
-2.9902,-0.22817
-2.6991,0.016604
-2.8773,-0.022014
-2.5561,-0.30208
-3.0478,-0.36229
-1.5168,-0.31785
-2.2597,0.31573
12.844,-3.5856
-2.5683,-0.31428
-2.8156,0.045653
-2.5574,-0.33488
-2.8623,-0.20344
-2.6041,-0.44083
-3.0096,-0.15228
-2.7192,-0.18428
-2.993,-0.036429
5.2711,2.9733
-2.2856,0.17077
-2.8213,-0.33583
1.5425,-3.0109
-2.0884,0.67828
-2.1903,0.30094
-2.8774,-0.40547
-2.4484,0.27145
-3.0964,-0.045832
-2.8662,0.065168
13.765,-4.0234
-2.0398,0.53891
13.566,-3.5208
-2.7131,-0.033003
-2.7366,0.072656
-3.0081,-0.10672
-2.3986,-0.28905
-2.7361,-0.37747
-2.7349,0.44658
-2.7043,-0.45563
-2.5848,-0.024995
-2.767,-0.2106
-2.9925,-0.17269
8.5256,7.3598
-2.6564,-0.38121
-3.2265,-0.064972
-2.4258,-0.072932
-2.519,0.22709
-1.8689,0.65722
-2.5159,0.10571
-2.8244,-0.22063
13.782,-3.5191
9.8712,11.051
-1.6542,-0.57027
-2.9657,-0.16586
12.92,-3.8883
-2.9118,-0.26402
-1.5886,-0.26736
-2.8386,-0.062369
-2.9924,-0.16904
-2.479,0.67722
-2.6226,-0.38766
-2.564,-0.15074
12.806,-3.9901
12.715,-4.4239
-2.5393,1.2305
-2.3869,-0.1915
-2.8789,-0.21688
-2.9609,-0.257
9.2474,6.9191
-2.6787,-0.11177
-2.5419,0.1282
11.521,13.622
-2.6799,0.090246
-2.8623,-0.20344
-2.4982,-0.23645
-1.8606,1.0395
-2.6604,-0.2392
-2.624,-0.076515
-3.0446,-0.10561
-2.1485,0.78396
-2.6573,0.15229
-2.5477,-0.021476
-2.8534,-0.020379
-2.8349,0.46763
-2.5837,-0.252
-2.741,0.24966
12.09,-4.3579
-2.7612,0.18663
3.5902,-3.5127
-2.8282,-0.08887
11.445,6.8822
-2.7409,-0.10056
-2.1193,0.45918
15.575,-0.63455
-1.4182,-0.52889
13.851,-1.4391
-2.6914,0.32698
-2.8425,-0.103
-2.7163,0.068222
-2.9548,-0.010971
8.9698,8.3701
-2.4168,0.34747
-2.6939,0.24848
-2.6682,0.27203
12.98,-4.673
-2.6758,-0.54724
-2.6342,-0.34293
-1.8785,-0.33717
-2.1952,-0.50129
-2.3687,0.3301
-0.96373,0.15278
4.6114,2.8608
-2.7128,0.34575
15.201,-0.0836
-2.3493,0.15243
-2.5807,-0.3599
-2.455,-0.20897
10.378,12.914
-2.9835,-0.15822
-3.1373,-0.35853
-2.858,-0.64441
8.6301,-5.852
-1.9949,-0.030997
-2.6264,-0.22074
8.1509,-5.6057
-2.9214,-0.37593
-2.7278,-0.17377
13.737,-3.8416
-2.9524,-0.27419
-2.5682,0.26767
-1.7593,1.6479
-2.2367,-0.66733
-2.4174,0.52253
-3.0199,-0.07798
-2.8893,0.0057291
-2.9247,-0.1582
8.7106,-5.9787
-2.8248,0.17364
11.333,13.671
-2.6632,-0.24096
7.9055,-5.4951
-1.9872,0.47265
-1.6959,-0.035689
-1.7254,0.34451
-2.4847,0.078909
-1.7924,0.4247
-1.7329,-0.35154
-2.7564,-0.33864
1.7389,-2.946
-2.3441,0.075542
9.1604,8.7547
-2.4663,-0.010363
-2.5046,0.42845
-2.6387,-0.51503
-3.0791,-0.20612
-2.7169,-0.069659
-3.0111,-0.081158
-2.8386,0.34285
9.3635,8.9171
-2.7287,-0.13926
16.017,-0.12783
-2.6181,0.2437
-2.9822,-0.16096
-2.0045,-0.39079
-2.7721,-0.16654
12.656,5.1508
-2.4257,0.85866
-2.1832,0.45976
-2.6971,-0.10918
-2.4564,-0.66547
13.803,-3.0374
-2.1799,0.16217
-2.7714,-0.22502
-2.7629,0.146
12.903,-4.6716
-2.7259,0.13819
8.7133,-5.6373
-2.8679,-0.13316
-2.6565,0.092601
14.346,-2.1576
-2.3964,1.0446
-1.851,-0.69915
-2.8019,0.11018
-2.328,-0.81716
12.44,-4.9863
-2.5477,-0.021476
-2.6224,-0.11437
-2.7982,-0.12529
-2.6493,0.12852
-1.9792,-0.43512
-2.601,-0.37834
-2.5685,-0.017167
-2.4364,1.3931
-2.4692,-0.0033827
-2.3267,0.10361
-3.0171,0.026757
-2.8448,-0.28276
-2.6761,-0.31505
-2.9097,-0.13222
-2.6336,0.0081049
-2.4209,0.0078
12.824,-4.1097
-2.5766,-0.40254
-2.9125,-0.058701
13.878,-3.9854
-2.5055,0.59295
-3.1069,0.048934
-3.0408,-0.20816
9.456,6.7284
-1.8488,-0.35459
9.1805,8.5767
15.513,-0.18407
-2.4335,0.034416
-2.8462,-0.39538
-2.5526,-0.27653
-3.1373,-0.35853
-3.0613,-0.21562
-2.5722,-0.32323
12.423,-4.2604
-2.6873,-0.33216
11.815,-4.7263
-2.297,-0.47647
-2.7345,-0.13975
-2.6852,-0.50856
-2.6761,-0.31505
6.9487,7.7684
-1.0601,1.0152
-2.2218,-0.58789
-2.589,0.68636
-2.7926,-0.21582
-1.8664,-0.30402
10.389,11.639
12.808,-4.527
-2.4631,0.094429
-1.8535,-0.15003
-2.8128,-0.0032882
-2.9155,-0.1488
-2.9173,-0.19542
-1.9556,1.0142
-2.8581,-0.10089
-2.9769,-0.34366
-2.8934,-0.12421
-2.3375,-0.31106
-1.9598,0.48782
8.6295,-5.4323
11.581,11.457
-2.614,-0.39451
-2.6299,-0.34789
5.3552,-5.3346
-1.7642,-0.47147
-2.4157,-0.77131
12.972,-4.5095
-2.6618,-0.31977
-1.8172,0.014433
-2.1428,-0.34509
6.5644,-5.8568
-2.6133,0.25047
-2.3138,-0.42518
-1.7183,0.27702
-2.3212,0.20954
-3.0365,-0.19448
-2.5577,-0.25404
-2.4359,0.28451
-2.8134,-0.40959
-2.4482,0.36212
-2.6777,0.41605
-1.8584,0.33215
-1.8621,0.26348
-2.528,0.12371
13.566,-3.953
-2.5456,-0.097473
-2.1964,0.12234
12.839,-4.6017
12.893,-4.8795
-2.854,0.033035
-2.6678,-0.2359
9.4273,7.9575
-2.8431,0.42092
11.861,-4.1287
-2.963,-0.042505
-1.9748,-0.0053703
6.2051,-4.7974
8.2739,6.0251
-3.0771,-0.33156
-2.4816,-0.088781
-2.182,0.86719
-2.5988,-0.28863
-2.213,0.56589
-2.268,0.44073
-2.7096,-0.24153
-2.2845,0.065511
8.4725,6.1266
7.5576,-5.8662
4.7047,1.9491
-2.0903,0.64569
-2.7076,0.053886
-2.9065,0.27604
-2.6886,-0.050819
-2.8181,0.4452
13.395,-3.9616
-2.1392,-0.45358
-2.6815,-0.14904
-2.1213,-0.090548
-2.2116,0.64036
-2.7737,-0.49636
-2.6547,-0.49728
-2.758,-0.16622
-3.0314,-0.19583
-2.9669,-0.17039
-2.222,0.3259
-2.899,-0.080821
-2.9075,0.055883
-2.1587,-0.2237
5.3552,-5.3346
10.12,9.2375
-2.9202,-0.15301
4.7322,-4.2506
-2.7664,0.23098
-2.3367,0.16291
-2.7875,0.2177
-2.7814,0.062505
-2.4123,0.12109
-2.8789,0.034967
-2.836,-0.051095
-2.6087,0.037189
-2.7184,0.14352
-2.682,0.15796
-1.9485,0.36902
-2.136,0.49736
-2.1968,0.2844
-2.2446,0.047821
-2.3748,-0.24422
-2.8142,-0.12956
-2.7439,0.12456
-2.7163,0.12192
7.3719,-5.852
-2.7082,0.61975
-2.3713,0.37918
7.9955,-5.9393
1.6513,-2.5156
-2.8967,-0.11343
-2.4932,0.29454
-2.351,-0.77605
-2.7978,0.075755
-2.6381,0.1944
-1.8675,-0.59673
-2.2062,-0.058549
9.9218,9.0733
-2.8734,0.045285
-2.7345,-0.13975
-2.254,0.27779
-2.6292,-0.40005
10.998,10.031
6.2004,-5.1733
9.2686,7.8558
-2.5074,0.34949
-2.7307,-0.14285
-2.5285,-0.020138
11.117,12.786
-2.8678,0.14679
-0.84526,0.031299
-1.7956,-0.15184
-2.1214,-0.028002
-2.5539,-0.046163
-2.8906,0.063428
-2.1446,0.19085
-2.7283,0.26825
-2.5965,0.47408
-2.4094,0.81183
-2.654,-0.44594
-2.6382,0.2667
0.27196,-1.4717
-2.5422,0.16354
-2.9501,-0.37142
-2.7636,0.095941
-2.7641,-0.31036
-2.6736,-0.017299
-2.7017,0.13779
9.5496,9.4883
12.995,-4.4713
-2.3678,0.019065
-2.7332,-0.25338
-2.515,0.37949
9.0692,-5.6155
-2.7132,-0.31198
-2.8023,-0.27112
6.9148,-4.7123
5.1599,-4.6961
-2.6629,0.0059472
-2.5,0.5154
-2.4692,-0.0033827
-2.5999,-0.423
-2.8172,-0.025344
-2.9752,-0.27022
-3.1722,-0.27014
-2.9605,-0.19588
-2.8655,0.31758
-2.2906,0.42202
13.416,2.948
-2.839,-0.07898
-1.9275,-0.50627
-2.9742,-0.17947
-2.2496,0.34947
15.429,-0.85637
-2.6475,-0.43681
-2.3241,0.27455
-2.6094,0.59619
-2.2206,0.6554
-2.9499,0.019905
-2.5529,0.0078918
-2.8665,-0.30153
-2.4239,0.27709
-2.1446,0.19085
-2.9041,-0.083957
4.7047,1.9491
-3.012,-0.28117
-2.0953,-0.053288
-2.4141,0.23494
-2.4318,0.49596
1.2166,-2.6142
-2.6886,-0.050819
-2.6877,-0.22426
-2.67,-0.40201
-2.456,-0.20897
-2.5128,0.049744
-2.9339,-0.23266
-2.4157,-0.77131
-2.7107,0.092765
-2.6008,-0.019889
-2.852,-0.091092
-1.891,0.63921
-3.0405,-0.062428
-1.3606,-0.46563
-3.0474,-0.14667
-2.9792,-0.09613
-2.1929,0.2052
-2.7841,-0.46315
-2.7317,-0.21534
-2.6368,0.036182
12.44,-4.0807
-1.8699,0.25453
-2.5624,0.65257
-2.4454,0.13283
-3.0023,-0.24844
-2.6779,-0.15632
-2.7933,-0.02744
-2.9037,0.00061215
-2.8865,-0.17371
-2.4876,-0.018081
12.754,-4.7425
15.418,-0.77932
9.2075,8.3933
-2.6522,-0.020453
-1.6151,0.27454
-2.2976,-0.15291
12.984,-4.8147
-1.3668,-0.68756
-2.9038,-0.11016
6.41,0.00058263
-2.3273,-0.26389
-1.7073,-0.66037
-2.9561,-0.041801
-1.9317,-0.39399
-2.5999,-0.50512
-2.9227,0.15044
-2.7254,-0.16024
-2.3169,0.40178
-2.6302,0.055392
-2.4385,-0.34573
13.075,-4.6538
-2.8549,-0.043726
-2.7203,0.066479
-1.9301,-0.081569
-2.5127,-0.2298
-2.7472,-0.21217
7.7638,-4.6754
-3.0203,-0.29078
-2.5107,0.16824
-2.5655,0.071087
12.916,-4.4088
-2.7133,0.21684
15.132,-1.2456
4.6069,-4.699
8.4227,7.2294
-2.3943,0.64619
-2.7636,0.095941
-2.2095,0.074794
-2.843,-0.032583
-2.5705,0.5019
-2.2478,-0.12995
-3.0219,-0.025384
8.5886,-5.6867
-2.4487,0.35208
-2.8861,-0.18355
-2.7275,0.045216
-2.2567,-0.19452
-2.7043,0.10729
13.05,-3.9972
-2.8387,-0.3233
-2.8483,0.090986
-2.6764,-0.41995
-1.9598,0.48782
-1.9151,-0.39253
-2.3034,-0.30823
-2.9479,-0.051619
-2.7506,0.089589
8.7164,6.9938
9.765,10.532
-2.3517,-0.14131
5.9023,-4.7212
-2.5561,-0.30208
-2.8436,-0.11333
-2.9828,-0.28079
-2.8395,-0.026349
-2.0425,0.56927
-2.5517,0.093546
-2.9623,-0.17503
-2.474,-0.16362
11.102,6.647
8.1639,6.2491
-2.691,0.089544
7.1143,-5.1592
-2.4258,-0.087284
10.906,12.722
10.444,11.014
-2.5777,-0.2412
-2.6337,0.42322
-2.4476,-0.3781
-2.8445,0.11516
-2.3991,-0.16295
-1.2735,0.82687
-2.9564,-0.15951
9.1202,8.0818
-2.1267,-0.39607
-2.3354,-0.46994
-1.9906,-0.48826
-2.864,-0.018858
-2.4134,-0.24612
12.83,-4.8924
-1.9599,-0.55078
-1.6298,0.28684
-2.07,0.70979
-2.2125,0.42299
-2.0923,1.0188
-2.5819,0.020084
3.6913,-2.7224
-2.5193,0.38405
-2.7577,0.1945
-2.943,0.015169
10.708,9.4106
-2.6013,-0.41255
-2.4081,0.18709
-2.7988,0.015075
-2.9608,-0.16886
8.3824,-5.4726
-3.1003,-0.28988
13.277,-4.57
-2.8091,0.031447
13.145,-4.4125
12.757,-3.9979
15.789,-0.6328
-2.5846,-0.34528
-2.6747,-0.09798
-2.9404,-0.15547
-2.8136,0.11274
-1.8121,-0.49127
-2.5775,0.54883
-2.2094,-0.214
-2.1307,-0.20245
-2.9257,0.22371
1.032,-2.4395
-2.5714,-0.41122
13.878,-3.7771
-1.3686,0.35452
-2.7439,0.12456
-2.1559,0.95401
-2.8363,0.173
-2.1536,-0.62014
-2.7817,-0.079683
-2.3278,0.2718
-2.3933,0.37973
-2.6139,0.039514
-2.6312,-0.32422
-2.7392,-0.13417
-2.8486,-0.40718
-2.2184,-0.19997
-2.6725,-0.13183
-2.9946,-0.15065
-2.9192,-0.10163
2.3983,-3.1323
-2.732,0.37033
11.584,-0.045362
-2.3192,-0.30247
-2.8323,-0.071046
-2.6901,-0.067252
2.6478,5.9077
12.828,-4.7749
-2.1071,-0.42773
5.0924,-5.1339
-2.6166,-0.12486
2.0525,-3.0254
-2.5055,0.59295
10.644,11.312
-2.9046,0.13029
-2.9186,0.12699
-3.1858,0.062621
-2.8408,0.23396
-2.4069,0.09531
-2.8633,-0.0085525
8.5256,7.3598
-2.6137,-0.36346
-0.86678,-0.5385
-2.5904,0.15157
-2.3308,-0.28108
-2.0974,0.22933
-2.4969,-0.54564
-2.8329,0.055189
-1.8549,-0.20016
8.9335,-5.947
-1.6959,-0.035689
-2.6466,-0.054306
-2.688,-0.45389
-1.4865,-0.35929
-1.7593,1.6479
-2.7392,-0.13417
12.09,-4.3579
-2.4813,0.81592
-2.7687,-0.13537
-2.795,-0.55512
-3.0949,0.20775
-2.2969,0.094002
-2.5651,0.14515
-2.8688,-0.038735
-2.3029,-0.59479
15.689,-0.32109
-2.5127,-0.2298
-2.3303,0.29233
-2.0695,0.90398
-1.3111,-0.63143
-1.9761,0.79517
-2.7185,0.30886
8.2815,5.5312
8.886,-5.0025
-1.8918,0.9197
8.9482,8.9719
-2.8108,0.46373
-2.8421,0.23427
-2.642,-0.32982
-1.6545,0.28813
15.166,-1.9691
-2.8623,-0.030577
-2.0697,-0.30517
-1.228,0.72952
-2.5106,0.063769
-3.0023,-0.24844
-3.1602,-0.31353
8.5211,-5.1895
-2.5233,0.1935
-2.7222,0.63751
-1.7002,0.13822
-2.821,-0.22467
-1.7281,-0.23162
-2.2565,0.69579
-2.6478,0.22989
8.3201,-5.8413
-2.8904,-0.0998
-2.1805,0.063019
-3.0103,-0.043031
-3.1722,-0.27014
6.548,-4.7441
-2.8226,-0.0082641
-2.9406,-0.27363
-2.7263,-0.50508
-2.0409,0.19313
-2.6811,0.099293
-2.7566,-0.28355
-3.0509,-0.24838
-2.1257,0.3359
-2.6134,0.45777
1.9246,-2.9186
-2.2591,-0.38958
-2.3786,-0.48687
-2.7775,-0.13319
-2.9398,-0.00754
-2.5574,-0.36793
-2.7326,0.43482
-0.82762,-0.054055
-2.5836,0.28115
-1.9237,-0.87459
-2.8131,-0.36486
-2.4072,-0.22663
-2.9171,-0.068182
13.939,3.7062
2.5628,-3.3871
-2.7729,0.103
-2.8044,-0.12237
-1.7917,-0.45369
-2.663,0.11727
-2.5701,0.39906
-3.1774,-0.17072
-2.3718,-0.19844
-1.7329,-0.35154
-2.8015,-0.32929
-2.5882,0.10189
-2.8072,-0.29614
-2.5666,0.064111
-2.3621,1.033
-2.7406,-0.39536
-2.1799,0.16217
-2.4875,-0.43006
-1.9726,-0.28096
-3.0185,-0.16228
-2.7506,0.064528
-2.5374,0.65936
-2.3055,0.46066
-2.158,0.2853
-2.7566,0.031334
-3.0295,-0.31117
-2.1437,-0.58902
-2.5095,-0.097222
-2.8464,0.089737
-2.7482,0.39348
-2.8074,0.033124
-2.9232,-0.11116
-3.1011,-0.10872
2.3983,-3.1323
12.789,-4.3265
-2.7043,-0.45563
-2.6977,0.23139
5.5478,-4.8079
8.5923,7.7647
12.973,-4.2485
-2.8171,0.75299
-1.7315,0.30479
-2.9157,0.095121
-1.6956,0.27651
-3.1189,-0.20862
-2.6919,0.025164
-2.6978,0.84495
-2.574,-0.02555
-1.7507,0.56529
-1.6298,0.28684
-1.8918,0.9197
-1.562,-0.00077666
-2.477,-0.36456
8.6506,-6.0076
-2.1333,-0.17481
-1.5899,-0.38824
0.80742,-1.0996
14.99,-1.0565
-3.0023,-0.24844
-2.7474,-0.31594
13.14,-4.3525
-2.9893,0.059853
-2.067,0.46527
-2.3209,0.21668
-2.6143,0.14731
-2.2463,-0.48952
2.4542,-3.4656
-2.2281,-0.37218
-2.4818,0.074635
13.01,-4.8468
13.102,-4.8536
0.55831,0.27332
-2.5939,-0.42602
15.698,0.14314
-2.5529,0.0078918
6.7349,-4.9022
-2.5963,-0.20293
-2.7089,0.40945
-2.885,-0.20706
-2.7034,-0.29887
-2.0758,-0.048668
-2.5965,0.47408
7.292,-5.1813
-1.8361,0.40011
10.557,-4.7274
12.976,-4.7664
-2.2919,-0.0836
10.096,7.845
11.564,12.549
15.457,-0.27375
-2.6575,-0.062495
-2.9861,-0.11673
-2.6821,0.68647
-2.6713,-0.24989
9.2817,8.89
12.491,-3.9662
-3.0784,0.11451
-2.576,-0.29555
-2.7392,0.17938
-2.0775,-0.18231
-1.9383,0.62089
-2.8726,-0.46163
-1.8535,-0.33379
-2.181,-0.3844
-2.5967,-0.035622
-2.7167,0.35554
4.7083,-1.3452
5.0343,-5.0737
-2.6766,-0.47913
8.1391,-5.8849
12.916,-4.4088
-2.245,-0.26104
-2.6312,-0.46549
13.451,-4.6188
-2.7745,0.40331
-2.671,0.5533
-3.0336,-0.070221
-2.4745,-0.63153
6.642,-5.5468
-1.7885,0.20258
-2.4245,0.011305
-1.66,0.28147
-2.3951,0.36216
-1.239,1.2488
-2.7804,0.16329
15.511,-0.29029
-0.062179,-1.7159
-2.5921,0.31705
7.2621,-5.5178
-2.4955,0.22387
-2.5572,0.080924
-2.8167,-0.28271
-2.8964,-0.16767
-2.8508,0.048201
-2.2532,-0.30113
-2.5646,-0.16739
-3.0203,-0.29078
-2.9639,-0.21332
-2.6062,-0.25306
-2.2514,-0.039147
5.9444,-4.6926
13.14,-2.9742
-2.517,0.13424
9.9428,9.2831
-2.5777,-0.2412
-2.7302,-0.071402
5.7506,-4.9784
-2.1043,0.21661
3.4473,-3.968
-2.8614,0.25019
-2.3017,-0.38709
14.84,-1.9388
-2.9059,0.005877
7.673,-5.6584
-2.8478,0.057437
-2.9018,-0.26094
-2.1882,-0.51985
-2.6381,0.047681
-2.561,0.72336
-2.9656,-0.09071
-2.3083,-0.90167
1.754,-3.0037
-1.5569,0.4338
-2.7076,0.053886
-2.7145,0.47394
-2.9038,-0.11016
-2.3151,-0.17134
1.3103,-2.8996
-2.4661,-0.20912
-2.153,-0.28899
-2.4265,-0.17885
-2.7509,-0.83612
-1.9446,0.24318
-1.9681,0.21528
-2.6563,0.036324
-3.1186,-0.09038
-1.7685,0.066085
-2.6792,0.51881
-2.6493,0.12852
8.9023,6.2318
-2.8807,-0.10846
-2.1333,0.010046
-2.4385,-0.34573
8.1529,-5.9672
-2.5311,0.3435
-2.5057,0.19476
-2.6054,-0.39915
8.3525,6.2496
-2.5762,0.21355
-2.8117,0.34427
12.891,-4.5666
2.3983,-3.1323
-1.9996,-0.0058872
-2.502,1.6483
-3.0962,-0.36867
-2.7484,-0.22844
-2.7874,0.30514
-2.4469,-0.50812
-3.0336,-0.070221
-1.9445,1.4943
-2.8505,-0.058964
-2.7026,-0.285
-1.9949,-0.030997
12.619,-4.1013
-2.4368,-0.32432
-2.719,0.0016694
-2.173,-0.32316
-2.6904,0.32257
-2.3375,-0.018732
-2.7118,-0.33355
-2.6613,-0.64042
-2.2657,-0.58846
10.369,12.078
-2.5687,-0.32793
-2.9636,0.17376
-2.2218,-0.58789
-1.7261,-0.27406
-2.0777,0.090481
-2.9067,-0.2143
-2.6325,-0.4323
-1.7045,-0.00025254
-3.0637,0.067592
-2.1808,0.090653
5.3345,-4.2967
-2.914,-0.016422
15.701,-0.0021024
-2.9362,-0.41026
-2.9835,-0.15822
12.897,-4.8626
-2.7766,-0.16961
-2.6525,0.093109
-2.541,-0.52229
-2.423,0.45104
-1.8964,0.21715
-2.6963,-0.11171
-2.5315,-0.26034
2.305,-3.1706
-2.7145,-0.012265
-2.0272,-0.09268
-2.583,0.34302
-2.3651,0.394
-2.3828,-0.43769
7.2706,-5.3927
-2.5397,0.38536
-2.7727,0.064108
-2.2647,0.18753
-2.8013,-0.079397
-2.7291,-0.66133
-2.1165,0.061094
-2.5141,0.38862
-2.7885,0.25557
13.807,-3.8918
-2.7107,0.044184
10.876,12.11
-2.9861,-0.11673
-2.6637,-0.059728
9.6304,7.036
-2.7978,-0.087821
-2.3354,-0.46994
-2.348,-0.10804
-2.8336,0.070542
-2.9554,-0.41468
-2.5228,0.22032
-3.0004,0.14074
-1.7651,-0.16001
-2.952,-0.16651
-2.7079,0.20303
-1.8671,-0.2089
-2.6481,-0.47151
-2.8952,0.32032
-2.1893,-0.24798
5.3667,-4.9771
-3.0509,-0.088423
-2.4753,0.40293
-2.8601,0.23057
-2.15,0.81651
7.5864,8.5648
-2.7496,0.11393
-2.8006,-0.17955
-2.5846,-0.34528
9.456,6.7284
-2.5857,0.95356
13.014,-4.6976
-1.9056,1.0542
13.762,-2.116
-2.7237,0.09989
8.8431,8.2201
-2.3314,0.61604
12.819,-4.3722
-2.3619,-0.59255
-2.4165,-0.54524
-2.9203,-0.20928
-1.8535,-0.15003
2.3855,-3.7448
-2.8459,-0.29166
5.0214,-4.4564
-1.4748,-0.46662
-2.767,-0.2106
-2.2425,0.20059
11.097,-3.9493
-2.8391,0.056032
-2.9933,0.32858
0.68328,-2.4612
-2.7256,-0.10091
-2.0521,0.49614
-2.8016,0.29815
-2.1302,0.23267
-2.7748,0.0017499
1.5734,-3.1876
-2.9432,-0.13792
-2.0265,-0.35895
-2.6281,-0.52765
12.854,-4.7003
-2.8316,0.45433
-2.802,0.46926
-2.7306,0.057241
-2.7482,0.39348
15.918,-0.53323
-2.8326,0.020642
9.0116,-5.3708
-3.0017,-0.41354
-2.6054,-0.070996
10.087,10.01
-2.7211,-0.3747
-2.7315,0.025022
-2.687,0.048022
-2.046,-0.18788
-1.5798,1.2248
-2.5666,0.064111
-2.9038,-0.11016
-2.558,-0.13375
-2.9688,-0.088267
-2.8259,-0.16239
8.7853,-5.7452
-2.8177,-0.14959
1.6699,-3.0951
-2.9171,-0.070587
-2.0692,0.82657
-2.7632,-0.15869
10.619,8.8262
-2.4696,-0.17559
-2.5662,-0.30116
2.0591,-2.6541
-2.5102,0.017208
-2.0847,-0.47641
-2.933,-0.14669
-1.8609,-0.13179
-2.9179,-0.32658
13.837,-3.9894
-2.6322,-0.24019
-2.7987,-0.07125
-2.7542,-0.34822
-2.3928,-0.2828
-2.6413,-0.40191
-2.3144,-0.15597
5.3009,-4.0887
7.7886,6.0903
-1.7701,0.067337
-1.9382,1.0231
-2.6695,-0.43099
-2.8759,0.05018
-2.6426,0.039185
-2.4798,0.65259
13.029,-4.7996
-2.77,-0.0065791
0.95097,0.078824
-2.9747,0.12947
-2.6338,-1.0715
-2.4094,0.81183
-2.7709,0.20315
6.4743,-5.2604
-2.9443,0.17417
-2.6347,0.54293
13.198,-4.1482
-2.5296,-0.50637
-2.7992,-0.45385
-2.5974,0.0051293
10.714,2.3008
-2.9499,-0.32705
-2.8805,0.036505
-2.4298,0.90849
0.95546,-1.186
-2.3663,-0.30316
-2.5563,0.87235
6.2004,-5.1733
15.689,-0.32109
-2.9575,-0.26788
0.95543,0.32327
-2.8064,0.31898
-2.9624,-0.31077
6.9247,-5.8606
-2.1784,0.50558
-2.812,0.70213
-2.9248,-0.24031
-2.7043,-0.45563
14.782,-2.0937
-2.9678,-0.18404
-2.8311,0.14503
-2.7673,-0.14571
-3.1858,0.062621
14.846,-1.3497
-2.539,-0.21428
-2.9553,-0.16474
-2.3622,-0.20937
-2.9902,-0.22817
-2.2532,-0.30113
-2.7817,-0.079683
-1.7924,0.4247
-2.8678,0.017579
-2.0398,0.53891
-2.9587,-0.0079308
-2.668,0.41278
-2.791,-0.26801
-2.9875,0.48533
-2.2597,-0.13199
-2.7868,-0.22311
-2.9608,-0.16886
-2.8387,-0.59305
-2.7809,0.39551
-2.5887,-0.12785
-2.9379,0.070267
7.5282,-5.5357
-1.6858,0.11453
-2.6445,-0.27269
-2.515,0.37949
-2.1549,0.57217
-2.3435,0.04318
-2.9333,0.24704
-2.5228,0.16147
1.944,-2.7804
-1.7254,0.34451
-1.3298,0.11723
-2.6221,0.23454
-3.034,-0.16916
-2.8019,0.11018
-2.8231,0.26236
-2.8966,-0.08102
-2.0966,-0.40318
-3.021,-0.25465
10.449,10.994
-2.2215,0.29776
-1.6536,-0.30215
15.32,-1.6329
-2.3678,0.019065
7.6387,-5.6938
-0.088639,-0.54988
3.6167,-3.2691
-2.8983,0.094499
-2.6871,-0.37241
12.491,-4.2751
-2.8649,-0.011214
-2.3922,0.49435
-2.4264,0.045641
-2.6398,-0.24177
12.874,-4.3379
-2.4528,-0.021616
-3.0374,-0.099099
-2.8013,-0.079397
-1.6698,-0.47785
-2.4135,0.58435
-1.4711,0.54035
-1.9828,1.1471
-2.9034,-0.067345
-2.5691,-0.57811
-2.7199,-0.25128
-2.4432,-0.19125
-2.8628,-0.17804
-2.725,-0.18754
-2.7296,0.68092
-2.6062,-0.25306
-2.9747,0.35345
-2.3384,-0.56183
8.427,-5.0808
-2.8802,-0.19021
-1.7052,-1.3515
-1.8554,-0.25514
-3.0316,-0.21096
-2.0538,0.17723
-2.8842,-0.14368
12.664,-3.9415
10.243,10.252
15.212,-1.966
12.526,1.2081
-2.4535,0.16399
-3.012,-0.28117
-2.5029,0.031798
-1.7258,0.21749
-2.8043,-0.29533
7.1463,6.3778
-2.3339,0.28071
-2.7596,-0.31776
10.429,7.208
-2.8547,-0.27191
-2.3481,-0.011618
-2.8016,0.29815
-2.8718,0.12554
-2.8193,-0.073413
-2.3437,0.72896
-2.8665,-0.30153
-2.9307,0.16241
15.699,-0.4799
-2.2651,-0.067168
-2.2123,-0.28059
7.6019,-5.9022
-2.7286,-0.063151
-2.8785,0.13062
-2.7463,0.24665
-2.5,0.5154
-2.8526,-0.10386
-1.5649,-0.21795
-1.9635,-0.49266
-2.3569,-0.04461
-1.8689,0.65722
-2.8664,-0.2206
-2.7649,-0.37452
1.4405,-2.8787
-1.8008,-0.073092
-2.6336,0.0081049
10.563,6.4993
-2.7005,0.16352
-2.9594,-0.0023244
12.447,-4.2444
-2.3151,-0.17134
-2.4541,-0.6498
-2.9357,0.083552
-1.99,-0.86577
11.038,10.464
-1.8301,0.62316
12.806,-4.2013
-2.4123,-0.28629
-2.4159,-0.26214
-3.0259,-0.28399
-2.8891,0.011045
-2.7404,-0.28958
-2.9217,-0.037584
-2.9458,-0.10725
-2.9878,-0.19017
-2.9818,-0.014453
13.246,-4.4373
-3.0347,-0.20415
-2.5446,-0.49496
-1.7543,-0.1876
-1.889,-0.13606
-2.3302,0.13508
-2.6274,-0.14585
-2.3279,0.12212
-1.9062,0.77698
-2.0172,-0.074471
-2.655,-0.41577
-2.2826,0.3418
-2.3393,-0.52704
-2.8949,0.013464
-2.8659,0.10279
9.1264,7.9367
-2.6955,-0.32122
-1.6698,-0.47785
-2.4881,0.095564
-2.9038,-0.11016
-2.634,0.34278
15.818,-0.63651
-2.9236,-0.24117
-2.2425,0.20059
-2.8275,0.020064
-2.8923,0.13776
-2.5695,-0.2621
-2.7409,-0.10056
-2.7128,0.34575
1.094,-3.0817
9.2817,8.89
-2.6533,-0.59736
-2.8845,0.288
1.0214,-0.151
-2.5328,-0.15849
14.979,-1.4416
-2.785,-0.046391
-2.7985,-0.06639
-2.4002,-0.47988
-2.9279,-0.011776
-2.517,0.13424
-2.7322,-0.1502
-2.4006,0.38516
-2.0049,0.13421
-2.3814,0.12652
-2.1207,0.27044
15.511,-0.29029
-2.89,-0.24763
9.3616,-5.643
-2.3874,-0.3134
-2.1279,0.99808
-2.3701,0.41872
-2.6745,-0.32292
-2.66,-0.36602
-2.8573,-0.065804
-2.9792,-0.35017
-2.7965,-0.25846
-2.5376,0.31402
-2.6926,0.092564
-3.0013,0.82614
-2.8914,-0.0050008
-2.8999,-0.27159
-2.401,-0.22826
-2.6849,-0.52361
-2.8015,-0.18994
1.7389,-2.946
-2.1225,0.30526
-2.245,-0.26104
-2.6,0.04588
-2.7941,0.033931
-2.8434,-0.26794
-2.6873,0.25273
-1.3298,0.11723
-2.6502,-0.078984
-3.1445,-0.45651
-2.6985,-0.055018
-1.7347,-0.53816
-2.7501,-0.36276
15.934,-0.63954
-2.9902,-0.22817
7.7772,8.6052
-2.3125,-0.0031635
-2.8324,-0.11128
-2.7959,0.04363
1.5354,-3.2968
8.8629,8.3024
-2.6364,5.8993e-05
14.566,0.10574
-2.5169,0.24491
-2.591,0.28767
-2.9861,-0.11673
6.032,-5.2581
-2.8193,-0.073413
13.02,-4.6857
-2.9491,-0.19267
-2.6971,0.18297
-2.8593,-0.10743
-2.8257,-0.17207
-2.5359,-0.083835
-2.8026,-0.069497
-0.96766,1.311
-2.4376,0.6822
9.2817,8.89
-0.88222,2.8018
-2.861,0.17998
-3.1121,-0.31404
-2.5565,0.041181
-2.5136,0.069164
-2.8181,0.21862
-2.9113,-0.14157
-2.5438,-0.3593
-1.4086,-0.38073
-1.8427,0.53232
8.5049,-5.5261
-2.0431,-0.21881
-2.524,0.1364
1.0147,0.42599
13.538,1.3387
-2.9398,-0.00754
-2.5397,0.38536
4.0384,-3.7064
-2.8725,0.24838
3.7164,-3.8378
-2.9357,0.083552
-2.8399,-0.29772
-2.5055,0.50802
-2.8804,0.1714
-1.7042,-0.84279
-2.5876,0.12559
-2.49,-0.13741
-2.8797,0.095155
8.3522,-5.5066
-2.8089,0.29046
-2.9026,-0.10726
-2.9043,-0.20701
10.966,12.971
-2.8568,0.17269
-2.1235,-0.13629
-2.2784,0.14474
13.702,-3.5778
-2.7518,-0.56232
-2.6184,-0.42145
5.8526,-5.0893
-2.4683,0.34833
-3.0416,0.053107
-2.4786,0.32013
8.458,-6.0003
-2.4701,0.37857
-2.8244,-0.22063
-2.2498,-0.15786
4.2588,-2.9355
-2.7817,-0.059891
-2.472,-0.3914
-2.9826,0.0545
-2.6624,0.32002
12.725,-4.9111
7.3225,-5.0363
-2.3299,0.058576
-2.5363,-0.07529
7.918,5.7265
-2.5585,0.31995
-2.2716,0.73813
5.4594,-5.1418
-2.8078,0.50644
2.0455,-2.4871
-2.1266,0.14758
2.4862,-3.4368
-2.5976,0.51961
-2.5128,-0.20612
-2.9269,-0.11375
-2.4763,0.30297
-2.4536,0.50693
-2.9598,-0.10304
-2.747,0.11601
-3.0199,-0.07798
12.486,-4.585
2.4038,-2.273
-2.4223,0.29182
13.943,-2.2669
-2.6936,-0.22219
-2.6791,-0.1565
0.92778,-2.9069
-2.0615,-0.45355
-2.6299,-0.46796
-2.0368,0.22394
-2.5747,0.1162
-1.8258,-0.8577
-2.6713,-0.24989
-2.5774,-0.40896
15.394,-0.12834
13.102,-4.8536
-2.4024,0.096093
-2.8345,-0.22983
-2.4015,-0.14419
-2.4008,0.34553
-2.4706,0.47497
-2.4033,0.19299
-2.9553,-0.16845
-2.0567,-0.50206
-3.1076,-0.2747
-2.588,-0.21646
-2.4335,0.034416
-2.9257,-0.16073
-2.6162,-0.30059
-2.7821,-0.0094374
-2.9747,0.35345
12.907,-4.8975
-2.4674,0.6805
8.7294,6.3258
13.418,-4.2346
-2.607,0.13387
-1.8894,0.044402
-1.5984,-1.0052
-2.9275,0.011575
-2.8439,0.035827
-2.6471,0.13286
-2.6912,-0.16577
-1.8923,-0.54267
-2.5489,-0.18299
-2.4813,0.81106
10.993,9.9472
-2.6419,-0.23078
-2.4,-0.18192
5.0702,-4.5726
-2.1279,0.99808
-2.4345,-0.29126
12.756,-5.0673
12.867,-3.7131
-2.6553,-0.012737
-2.7595,-0.083558
-2.6128,0.078239
-2.2898,0.093557
-2.6776,-0.23396
-2.3987,0.079915
-2.7304,-0.47374
-2.7836,0.44835
-2.3477,-0.093825
-2.0044,-0.10602
-2.7327,0.060302
-2.9946,0.028105
-3.044,-0.19748
-2.7766,-0.16961
-2.7585,-0.27589
-2.6411,0.39731
-2.9761,-0.30377
-2.8671,-0.16472
5.3561,-5.0101
-2.5614,-0.2416
-2.5385,-0.10014
-2.7758,-0.18366
-2.861,0.17998
1.146,-0.0085051
2.5807,-3.2313
-2.6459,-0.20699
-3.0497,-0.071979
-2.6052,0.020477
-2.897,-0.062096
-2.8627,0.0046722
12.962,-5.0269
-2.6723,0.2051
-2.3433,0.12452
-2.4131,-0.41587
-2.423,-0.1355
-2.8146,-0.308
-2.6935,0.30959
9.2138,5.585
-1.9316,-0.092252
-1.8242,0.9697
-2.9673,-0.38629
-2.4934,-0.40098
-2.0521,-0.54171
-2.4245,0.011305
-1.9104,-0.50373
-2.9787,-0.12888
-2.2652,-0.16208
-2.1022,-0.28032
13.694,-3.7605
7.6193,-5.3254
-2.0319,0.55265
-2.9497,0.11218
-2.0936,-0.32876
-2.7575,-0.35503
10.569,10.88
-2.4852,-0.23655
-2.6155,-0.36948
-3.0474,-0.14667
-2.4949,-0.2873
-2.2651,-0.067168
12.273,-4.0344
12.893,-4.8795
-0.9648,0.38258
-2.9381,-0.19945
10.934,12.26
7.8398,8.1536
-2.3855,0.44182
-2.6983,0.38333
-3.0132,-0.26582
-2.3629,-0.27021
-1.9068,-0.7663
-2.1192,-0.071882
-3.0836,-0.31327
9.8712,11.051
-2.3178,-0.059651
-2.9038,-0.11016
-2.3377,0.3451
-3.0023,-0.24844
-2.9375,0.10518
11.211,12.416
-2.2394,-0.44092
-2.9612,-0.13871
-2.7169,-0.069659
-2.8979,0.17362
12.406,-4.6466
5.3755,-5.5323
-1.776,0.32572
-2.4748,0.66412
-2.8914,-0.0050008
-2.5324,-0.15721
-2.9316,-0.4265
-2.7858,0.19268
-3.014,-0.28708
-2.817,-0.041594
-1.8583,-0.097416
12.345,-4.6512
-2.2954,0.45042
12.871,-4.2456
-2.2358,-0.19949
-2.6632,-0.24096
-2.0822,0.24256
13.339,-3.4894
-2.1228,0.45413
-2.705,0.023867
13.1,-4.5855
-2.544,-0.025213
-2.3745,0.17982
-2.6392,0.1711
-2.2459,-0.31826
-2.3104,-0.40261
-1.8438,-0.71154
-2.3753,-0.19944
-2.2706,-0.39306
3.8355,-3.9525
-1.6858,0.11453
-1.7842,0.28116
-2.6269,0.0051464
-2.4111,0.17848
-1.7466,0.51598
-2.7401,-0.16121
-2.891,-0.21841
-2.7283,0.26825
12.819,-4.3722
-1.66,0.28147
-2.6509,0.32315
-2.8359,-0.11824
-2.1706,-0.18474
-2.4525,-0.61294
-2.6112,-0.35771
-2.8179,-0.010451
8.3076,7.7433
-1.8208,-0.47473
-1.8599,-0.29798
-2.3298,0.29542
-1.4692,-0.80721
-2.9066,-0.016317
5.3561,-5.0101
-2.281,-0.24774
6.28,-3.9888
-2.7304,0.30641
-2.427,-0.21927
-2.5692,0.37835
-2.4514,0.37407
-2.2404,-0.155
-3.1508,-0.14763
13.179,-4.3952
-2.1539,-0.064562
-2.127,-0.49226
-2.952,-0.32897
-0.86678,-0.5385
-2.3793,0.2744
12.02,-2.855
-2.9063,-0.091688
-2.3309,-0.25394
-2.2976,-0.15291
-2.8027,-0.1488
-2.5263,-0.40219
-2.2288,0.49147
5.5834,-4.9457
-3.0011,-0.25367
-2.7689,-0.013673
-2.4784,-0.13395
4.3754,-4.6686
-3.0011,-0.24554
15.818,-0.63651
8.766,8.0813
9.0017,8.6034
-2.461,-0.24761
-2.3334,-0.641
-2.4661,-0.20912
7.8709,5.2545
-2.7301,-0.33725
8.4725,6.1266
-2.9126,-0.25799
-2.7522,-0.36895
-2.7872,-0.14148
-2.7101,0.316
-1.6959,-0.035689
3.5968,-3.8543
-2.2095,0.074794
-1.8267,0.5807
8.3911,8.8461
-2.7088,0.17572
-2.2567,-0.19452
-2.3593,-0.33543
13.825,-2.1114
-2.8591,0.078156
4.5122,3.3075
-2.9045,-0.25247
-2.6891,0.39565
-2.7259,0.13819
6.5409,-5.0792
-2.7606,0.15505
13.684,-4.2837
14.846,-1.3497
4.3638,1.6547
-3.0249,-0.40512
-2.6694,0.29903
-2.9616,-0.069801
-2.8503,0.016588
-2.573,-0.07018
-2.8683,-0.047123
-0.66386,-0.41661
-1.677,0.087212
-2.5052,-0.18041
11.678,-0.68162
-2.9485,-0.39154
-2.2645,0.68263
7.9001,7.8951
-2.4769,0.62579
10.966,12.971
9.3261,8.2416
-2.6082,0.24261
-2.1774,0.53446
-2.1646,-0.65911
-2.9224,-0.11329
-2.2496,0.34947
13.867,-2.7957
-2.9404,-0.15547
-2.9839,0.06854
-2.9419,0.009942
-2.9526,-0.24029
-2.7495,-0.12528
12.939,-4.2981
-2.5988,-0.28863
-2.5498,0.10422
6.548,-4.7441
10.649,12.148
9.2459,-5.0799
1.6699,-3.0951
-2.5195,-0.056697
-2.8386,-0.062369
-2.891,-0.21841
-2.469,-0.085352
-2.2522,-0.49127
-2.2671,-0.041153
-1.682,0.61933
-2.7195,0.14582
-2.281,-0.24774
11.494,10.648
-2.6886,-0.13223
-2.0509,-0.095286
-2.9333,-0.054686
-2.1338,0.81254
-2.1272,0.3852
-2.0421,-0.44735
-1.7382,-0.52229
-2.5655,0.071087
-2.7851,0.10686
13.277,-4.57
-2.1692,-0.32345
-2.5798,-0.23586
-2.9553,-0.16474
12.908,-4.8687
-2.9047,0.21218
-2.5209,0.11775
3.3854,-4.196
-2.5548,-0.2845
-2.6015,0.055264
10.803,12.517
-2.1257,0.3359
9.0794,-5.7974
-3.0023,-0.24844
-2.3718,-0.36503
-2.8445,0.15345
-1.7183,0.27702
-2.9673,-0.38629
-2.2355,-0.32833
-2.4622,0.021141
-1.9013,0.091187
6.7328,-5.4561
-2.9,-0.30285
-2.7061,0.040749
-1.9229,0.10914
-2.6326,0.54152
-2.591,0.28767
-2.2198,0.4594
-2.9981,-0.23353
-2.9423,-0.21433
-1.4099,0.5015
-2.9118,-0.26402
-2.9001,-0.065856
-2.7291,-0.66133
-2.1601,-0.11507
-2.1949,-0.14263
-2.854,0.033035
-2.5235,-0.21151
13.659,4.6673
-2.9222,-0.085512
12.821,-4.4599
9.6193,7.9217
0.95456,-2.2217
-2.5031,-0.080232
-2.0584,0.7714
2.2244,-2.9318
-2.6936,-0.14215
-2.268,0.44073
-2.8462,-0.39538
10.269,10.446
-2.6446,-0.22329
-2.8288,-0.0098595
-2.9363,-0.14508
-1.576,0.8359
15.575,-0.63455
-2.8098,0.059058
-2.2809,-0.15283
-2.368,-0.018747
-2.0333,-0.35662
-2.4653,0.48403
7.5653,5.926
-2.8655,0.31758
-2.9835,-0.15822
-2.4755,-0.2904
-2.515,0.37949
12.705,-5.1425
-2.1279,0.99808
-2.6416,-0.61932
-2.4627,0.11351
-2.89,0.043684
-2.5328,-0.15849
5.8897,-4.2739
-3.1858,0.062621
-2.8175,0.32982
-2.9373,-0.23922
-2.3394,-0.046651
-2.2866,0.63538
-2.5128,0.31497
-2.1333,0.010046
-2.5606,-0.0058931
-2.3644,-0.27744
-2.899,-0.080821
-2.15,0.81651
-2.53,-0.16901
-1.3255,-0.63212
-2.8257,-0.17207
-2.3987,0.079915
-2.6393,-0.081087
-2.3802,-0.25171
9.35,10.101
-1.9067,0.27276
-1.9392,-0.0773
-2.2147,-0.0068196
-2.6146,-0.21923
-1.3401,-0.15482
-2.734,0.03261
-2.6662,-0.22952
1.6699,-3.0951
11.773,-4.3934
-2.4275,0.40414
-2.2799,-0.11804
-3.0274,-0.20839
11.152,10.476
-1.5754,-0.15961
12.876,-4.6006
-2.5233,-0.089595
-2.8261,-0.05526
-1.9915,-0.23892
-2.7761,-0.14572
-2.6062,-0.25306
-2.8367,-0.24364
-1.5796,-0.21348
-3.1146,-0.29266
-2.6294,-0.14777
7.1544,-5.0733
-2.209,0.63618
-2.596,-0.40508
-2.8461,-0.19008
-3.0029,-0.177
-1.8449,-0.29801
15.715,-0.70618
-2.7307,-0.50192
-2.8464,0.089737
-2.9769,0.066515
-2.7322,-0.10551
-2.2186,0.26288
-2.8618,-0.082822
-2.4069,0.10695
8.3964,6.0025
-2.9157,0.095121
-2.875,0.14111
-2.3648,-0.27124
-2.9093,-0.55525
-2.899,-0.080821
-2.6806,0.22426
13.041,-4.0918
-2.9747,0.12947
13.132,-4.6398
-2.8158,-0.083704
-2.9564,-0.15951
-2.7207,-0.1987
10.895,11.852
13.671,-3.3204
10.271,10.653
-2.7113,0.084124
-2.3943,0.12227
-2.8651,0.054082
-2.1766,-0.61741
13.275,4.0309
9.7639,8.7104
-2.4344,-0.36132
-2.759,0.0074668
-2.9964,0.10989
-2.7605,0.075864
-2.8655,0.31758
-2.8585,0.10454
-2.9826,-0.097106
15.631,-0.70427
-2.5338,-0.1169
-2.4982,0.65362
-2.9769,-0.34366
6.548,-4.7441
-2.742,-0.1205
-2.2943,0.61028
-3.1665,0.021298
-2.4334,0.7761
-2.6677,0.17766
-2.7522,0.036214
-2.7304,0.30641
-2.1583,0.90322
-2.6624,0.21857
-2.7609,0.096856
-2.857,0.346
5.9451,-5.108
-1.5649,-0.21795
-3.0759,-0.024157
-2.3247,0.74145
-3.0377,-0.0051935
11.197,11.205
14.483,-2.6611
-2.3405,-0.1211
9.8255,-5.4407
-2.3491,0.36421
-2.3162,0.027549
-2.6993,0.3106
-2.7138,0.30568
5.6642,-4.5881
-2.7432,0.21878
-1.7505,0.28382
13.198,-4.1482
-2.9908,-0.079583
-2.9075,0.073165
15.438,-0.56937
-2.4533,-0.098033
-2.9401,-0.023791
-2.7618,-0.15994
12.485,-4.3309
-2.595,0.10888
-2.9888,0.1366
-3.0259,-0.28399
-2.9784,-0.17632
-2.6374,-0.28399
-3.0009,-0.18511
-2.4972,-0.035518
5.1615,-4.1563
-2.764,-0.20392
-2.3553,-0.34789
-2.6567,0.21864
7.7137,5.6915
5.3009,-4.0887
-2.8957,0.16283
8.1639,6.2491
-3.3504,-0.39266
-2.0572,-0.17949
-2.7349,-0.20466
-2.6488,-0.37787
-1.5502,-0.70921
-3.0794,-0.21706
-2.8519,0.35409
-1.9947,0.29431
12.835,-4.6154
-2.0902,-0.84129
6.3538,-5.2861
13.748,-3.1287
1.6907,-3.0515
-2.7505,0.28377
-2.6949,0.31814
-2.3964,-0.3536
-2.5428,0.88517
-2.4157,-0.77131
-2.836,-0.25992
-2.4717,-0.30834
-2.5836,-0.45351
-1.9117,0.42654
-2.9182,-0.06536
-2.5885,0.53444
-1.7122,-0.32279
-2.1198,0.15308
-2.4803,0.54348
-2.576,-0.38388
-2.4995,0.19608
-2.3126,-0.20085
-2.5967,-0.035622
-3.0705,-0.19256
-2.6936,-0.22219
-2.8685,0.20626
-2.5848,0.38921
-1.7258,0.21749
-2.7957,-0.060626
-2.7873,0.045517
-2.8483,-0.10511
15.539,-0.40333
-2.9072,-0.088611
-1.7505,0.28382
-1.6243,0.28767
11.801,-5.0366
-2.7899,0.047315
12.222,-4.434
-2.9286,0.11598
-2.1892,-0.40381
-1.8172,0.014433
-1.9104,-0.50373
-2.3725,0.61926
-2.079,-0.066926
-3.0991,-0.40986
-2.5499,-0.30349
-2.5364,-0.0015544
-2.16,0.21663
-2.0666,0.033115
-2.6204,-0.30423
-2.7649,-0.010307
-2.2145,-0.059017
-2.5389,-0.6189
-2.8338,0.71226
-2.7154,0.24506
9.6843,2.2576
-2.2089,0.048036
-1.9683,0.16972
-2.5027,-0.34547
-2.5067,-0.037959
12.055,-0.40397
15.865,-0.52027
-2.026,-0.28745
-2.5221,-0.3923
-2.8683,-0.047123
-2.2941,0.047282
-2.0671,0.076518
15.269,-0.42911
-2.6495,-0.030346
-2.4939,0.32604
13.582,-3.4739
-2.1851,0.17987
-1.8113,-1.1165
-3.053,-0.17567
-2.2463,-0.48952
15.166,-1.8804
3.568,-0.5916
-2.3848,-0.63631
-2.6354,-0.17824
-2.6775,-0.0019262
-2.1355,0.43444
-2.801,-0.030684
-2.9861,-0.11673
-1.8809,-0.62238
-2.7429,0.011099
-2.768,0.16419
-2.6868,0.026624
-2.6936,0.34436
-2.1643,-0.069276
-2.79,-0.32805
-2.8261,0.073557
-2.4866,0.68157
-2.8089,-0.26372
-2.2248,-0.66225
-2.5247,0.23815
0.33858,-1.0676
-2.9583,0.14835
5.3651,-2.613
-2.2272,-0.29509
-1.8191,-0.041672
-3.0132,-0.094951
-2.6992,-0.28637
-2.7063,0.15008
-1.386,1.2411
-2.901,-0.3792
9.9317,8.8919
-1.006,-1.0833
-2.7191,0.67386
-2.4178,-0.41201
-1.6956,0.27651
-2.3986,-0.28905
-2.9463,0.060281
-2.902,0.042783
-2.6517,0.73149
-2.9423,-0.21433
-2.8288,-0.0098595
-2.0425,0.56927
-2.8894,-0.022145
-2.5223,0.196
-2.4836,0.11932
-2.5188,0.5793
-2.5857,0.95356
1.5531,-3.2537
-2.869,-0.25302
-2.6507,-0.25694
-2.5319,0.27515
-2.0461,0.0050187
-1.4209,0.57948
-2.1766,-0.61741
-2.5853,-0.10236
11.333,13.671
-2.6971,-0.10918
1.8768,-3.0627
1.2394,-0.10949
13.239,-4.1686
8.6362,-5.2995
-2.8135,-0.11337
-2.6052,-0.43939
-2.861,0.17998
-2.8755,-0.22788
-2.2577,1.0206
-3.1065,-0.245
8.1599,8.3455
-2.6865,-0.36942
-2.2075,-0.59282
-2.9477,-0.16033
-2.5681,-0.32527
-2.351,-0.77605
-2.5126,0.077775
-2.086,0.29376
-2.1781,-0.30014
-1.9432,0.024125
-2.7671,0.24338
-2.9269,-0.11375
-2.8366,0.17257
-2.6662,-0.22952
8.4236,7.6794
-2.9038,-0.11016
9.0072,9.4049
-3.0352,-0.12108
12.604,-4.9024
13.155,-4.637
14.12,-1.8143
15.934,-0.63954
-3.164,-0.18297
-2.4661,-0.20912
-2.1302,0.23267
-2.2619,-0.48243
-1.9687,-1.1298
-2.7296,0.025445
-2.837,0.15748
-2.4464,-0.092374
-2.7079,0.1042
-2.9078,-0.22398
-2.7889,0.43639
-2.8248,0.17364
-3.0023,-0.24844
-2.5127,-0.2298
-2.0388,-0.51133
-3.0717,-0.026488
-2.7963,-0.12816
-2.9759,-0.27848
0.078851,2.3576
-2.4835,-0.24839
-2.8589,-0.086601
-2.7578,-0.4479
-2.8696,0.08006
11.561,10.272
8.7853,-5.7452
-2.802,0.46926
-2.5999,-0.3307
-2.1496,-0.12481
1.0503,0.11607
8.3176,7.3998
-2.4529,0.018975
-2.2532,-0.30113
12.023,-1.5873
-2.8585,0.10454
-2.7808,0.14593
-2.7345,-0.13975
-2.2167,0.38585
-2.2123,-0.28059
13.836,-3.6248
-2.6518,0.33668
-2.0198,-0.33766
-2.4287,0.022217
-1.8317,0.18462
5.0197,2.3272
-2.591,-0.19436
-2.3694,-0.088644
-1.6694,-0.423
-2.2504,0.31597
-2.5714,-0.41122
-2.6911,-0.24454
-2.6557,0.092132
4.1389,-0.62232
-2.4259,0.58427
-2.2974,0.031413
-2.1908,-0.36691
-2.615,0.11787
-2.3405,-0.1211
-2.8996,-0.12153
13.067,-4.6394
-2.6729,0.17987
-2.5499,-0.23771
-3.0633,-0.024043
-2.5834,0.3808
6.6006,6.0486
-2.4583,-0.11853
-2.6559,-0.2534
7.9538,-5.9552
12.724,-4.3171
-2.6926,0.58116
-1.824,0.19111
-2.4492,0.011064
-2.5958,0.11687
-2.4864,0.102
-2.67,0.16798
-2.8463,0.12409
-2.9238,0.13077
-1.6048,0.65404
12.709,-3.8316
-2.3143,0.44086
-2.6593,-0.032357
-2.6684,-0.081179
13.198,-4.1482
-2.2527,0.25908
-1.8699,0.25453
-2.4402,-0.040639
-3.0779,0.080982
-2.8403,-0.033919
-2.6248,0.15456
-2.7547,0.091627
5.9652,-5.5163
-2.3206,0.14364
-2.7681,-0.23076
-2.4785,0.15892
6.1611,-5.6008
8.1671,0.29552
-2.7729,0.103
-2.9421,-0.18698
-2.7997,0.30792
-1.7183,0.27702
-2.9038,-0.11016
-2.0524,-0.24187
8.3548,4.7836
-2.4906,1.0935
-2.4925,0.29495
-2.6758,-0.54724
-2.2661,-0.074723
8.146,6.7735
-2.0577,-0.27923
-2.5494,-0.16531
-2.8244,-0.11202
-3.012,-0.28117
-2.153,-0.28899
-3.1515,-0.2596
12.925,0.78209
-2.9587,-0.0079308
-2.9704,0.10726
-3.0303,0.24443
-2.769,0.13764
-2.899,-0.080821
-2.3497,-0.52484
-2.0766,0.46444
7.9664,8.3729
-2.7352,0.073583
-2.9001,-0.065856
-2.5567,-0.16673
-2.2395,-0.52318
13.649,-1.1144
-2.7274,-0.021054
-2.9317,-0.14059
10.389,11.639
-2.7936,-0.032759
-2.2806,-0.43235
-1.9421,-0.89864
-2.4348,0.6142
7.678,-5.2741
12.121,-3.3585
-2.9687,-0.18237
-2.6093,0.054839
-2.6495,-0.030346
-3.0249,-0.40512
2.5649,-0.33375
-1.7199,-0.61847
-2.1631,0.34954
7.9516,8.4017
3.4972,-3.9118
-2.4928,0.24019
-2.9518,-0.098829
-2.794,-0.0047678
15.511,-0.29029
-2.819,-0.11621
-2.3923,-0.27587
-2.2706,-0.39306
-2.0333,-0.35662
-1.4094,-0.097197
-2.2532,-0.1636
1.4724,-3.1385
-2.5996,-0.29162
-2.1601,-0.11507
-2.8546,-0.10545
5.0764,-1.3209
-2.8345,0.10055
-2.7996,-0.2221
8.2933,-5.8352
-2.6985,-0.055018
-2.6629,0.34492
-2.5575,-0.32957
-2.4361,-0.11108
-2.9974,-0.39766
7.3225,-5.0363
9.3198,8.909
-2.591,-0.19436
-2.8872,-0.28247
-2.5458,-0.17764
-2.4825,-0.5278
11.63,4.3945
-2.7509,0.17332
-3.015,-0.1418
-2.7506,-0.56464
-2.9323,-0.29141
-2.9218,-0.1525
-2.974,-0.081853
-3.0641,0.28121
-2.9819,-0.20022
-3.0023,-0.24844
-2.6193,-0.21156
2.3015,-3.4656
-3.084,-0.033918
-2.6299,-0.34789
-2.8084,-0.026548
-1.3899,0.91765
5.0702,-4.5726
1.6197,-2.172
7.4093,5.1179
-2.531,0.02176
-2.7612,0.024732
-1.7651,-0.16001
-2.4755,-0.2904
-2.8201,0.08284
-2.2296,0.082833
-2.5668,-0.32237
-2.6382,-0.41736
-2.7947,-0.28507
-2.845,-0.39248
-2.9126,-0.25799
-3.0396,-0.03881
-2.9038,-0.11016
-2.4545,0.043876
7.66,6.0242
10.91,8.2482
-2.0388,-0.51133
-2.2989,-0.24767
6.6165,-5.1586
-2.7658,-0.0020739
-2.9188,0.14639
-2.8663,-0.1866
-2.8314,-0.0090794
-2.4123,-0.52198
-2.7577,0.1945
-2.6125,0.39704
6.548,-4.7441
-1.8862,0.64817
-2.7478,-0.2571
-2.1521,0.2339
-2.8557,0.76478
-2.6555,-0.15895
-2.6056,-0.3406
-2.6487,-0.44081
-2.6312,-0.46549
-2.4601,-0.18999
-2.5783,-0.14872
-2.1446,0.19085
-2.9825,-0.37333
-1.8151,0.31337
-2.868,-0.011969
-2.2649,-0.015405
-2.1767,0.55063
-2.1225,0.30526
8.9482,8.9719
14.94,-1.8036
-2.8122,0.092345
-2.6502,-0.078984
-2.4236,-0.0042554
-2.4837,-0.054622
12.13,-4.5851
7.0102,-5.342
-2.4261,-0.021023
-2.9038,-0.11016
-2.6804,0.2369
-2.7267,0.17035
-2.5296,-0.50637
-2.6963,-0.0030413
-2.0265,-0.35895
-3.0023,-0.24844
5.2812,-3.8671
9.4313,9.0154
11.599,-4.3322
-2.8015,-0.18994
-2.2979,0.35273
-2.5797,0.44259
-2.3637,-0.37735
-2.7096,0.32142
-3.0203,-0.29078
12.684,-3.7422
-3.1251,-0.28011
-2.6094,0.22639
-2.7216,0.41115
-3.0218,-0.30168
-2.5649,-0.18401
-2.6925,-0.00055565
-2.8239,0.2559
-2.9924,-0.16904
-2.1639,-0.43194
-2.7194,-0.33601
8.5285,-6.1562
-2.508,0.1139
15.095,-0.72988
-2.8054,0.028125
-2.8462,-0.39538
12.995,-4.4713
-2.7519,0.16235
-1.8923,0.90905
-2.9501,-0.33041
-2.1053,0.36713
-2.6361,0.049254
13.039,-4.0761
-1.6898,1.5453
-2.0457,0.3688
-2.5319,0.27515
-2.3137,0.14281
13.017,-4.9362
-2.7799,-0.28732
-2.5469,0.3624
-1.9115,0.17651
8.8361,5.9401
-2.2507,-0.24049
-2.0998,-0.25969
-2.5916,-0.47218
-2.427,-0.21927
9.5808,-5.4406
10.734,12.073
-1.5754,-0.15961
-2.8249,-0.13848
-2.6233,-0.16013
8.5386,-5.7042
9.2293,4.6743
-2.858,-0.021227
13.372,-2.4853
-2.3314,0.8436
7.6193,-5.3254
-1.8514,1.2068
-2.1579,-0.035034
-2.493,0.15891
-2.153,-0.28899
-2.902,-0.22624
-1.9202,0.19007
-2.678,-0.034638
-3.1445,-0.45651
-2.8319,-0.33459
-2.4157,-0.77131
-3.0159,-0.25349
-1.9664,0.40533
-2.3634,0.081328
2.5807,-3.2313
-2.7544,0.1956
-2.634,-0.1396
-2.7451,0.2152
13.091,-4.8735
-2.6444,0.69912
13.132,-4.6398
-1.9229,-0.669
6.4377,-5.1376
-2.6191,-0.52107
-2.4174,0.52253
-2.8025,0.38512
12.563,-3.9787
-2.6193,-0.12768
-1.4948,0.17733
3.8221,-3.7273
-2.3405,-0.28442
-2.8499,-0.024064
-2.3754,-0.91173
9.1028,8.9529
-2.6926,-0.057072
-2.911,-0.067238
-2.6909,-0.13134
-1.6545,0.28813
-2.854,0.033035
-3.0573,-0.17654
-1.6151,0.27454
-2.6483,-0.22595
-2.6043,0.11414
-2.3564,-0.32287
-2.958,-0.22493
1.534,-2.6872
-3.0325,-0.11118
-1.9842,-0.10532
9.0791,-5.3782
-2.8391,-0.39784
4.7013,-3.7993
-2.8959,-0.024783
-0.5888,-0.095698
-2.9601,-0.017732
-2.6459,-0.068137
-2.0265,-0.35895
11.019,11.986
8.1509,-5.6057
-2.8879,0.12584
-2.243,-0.48057
-2.808,-0.094868
-2.6809,0.57371
-0.5888,-0.095698
1.5927,-0.43446
-2.5044,0.31569
15.032,-0.52013
-2.4347,-0.30942
12.938,-4.5943
-2.5143,-0.24065
-2.5347,0.12226
-2.9294,0.4677
-3.0386,-0.14555
12.899,-4.7982
12.419,-5.1795
-2.3564,-0.32287
-2.1759,0.40554
-2.4233,-0.70745
-2.7225,0.054565
-2.9762,-0.23424
-2.6336,0.0081049
-2.565,0.20743
12.741,-4.402
-2.6109,-0.57849
-2.4141,0.043907
15.862,-0.54412
-2.1453,0.096839
-2.7317,-0.21534
-2.6382,-0.41736
-3.022,0.29026
-2.1848,0.1482
-2.7256,-0.10091
-2.9561,-0.025151
-2.8072,-0.010081
-2.0793,0.86485
5.5796,-5.2159
-1.8351,0.47077
-2.3906,0.10573
-2.6546,0.025004
-1.9383,0.62089
-2.5748,-0.094979
-2.921,-0.15913
-2.8175,0.32982
-2.3288,0.0026241
8.6301,-5.852
-1.57,0.46495
7.5804,-5.5108
-2.6317,0.73906
-2.7887,-0.33655
-2.0517,-0.28363
-1.5534,-0.11839
-2.5834,0.73127
-2.8188,0.065953
8.8629,8.3024
8.3525,6.2496
1.7389,-2.946
6.6473,-4.7187
-2.5254,0.95109
5.6501,-4.2408
-2.4878,-0.44713
-3.0203,-0.29078
-2.1096,-0.026888
8.3201,-5.8413
-2.6295,-0.038626
-2.6663,-0.22926
-3.092,-0.20957
-2.6101,-0.08288
-2.7338,0.32095
-2.4327,0.098522
-1.1735,-0.036047
-3.1234,0.2617
13.892,-3.7393
-2.897,-0.062096
-2.1631,0.34954
-2.7578,-0.091233
-2.9303,-0.18232
12.705,-4.5193
-2.7236,-0.10833
12.915,-4.9294
-2.8519,-0.064751
-2.1483,-0.13017
7.1645,-5.6625
-2.6817,-0.14712
-2.6629,0.0059472
-2.8101,-0.24609
13.017,-5.0756
-2.4627,-0.62094
-2.1393,-0.079864
-2.7063,0.15008
-2.3419,-0.23707
-2.2177,-0.074512
-2.9181,-0.0092391
-2.728,0.80031
-2.4881,-0.38468
-2.8456,-0.082249
14.291,-2.1097
-1.9807,-0.1304
-2.9015,-0.050223
-2.8426,0.30913
-2.3277,-0.47024
-1.4264,-0.10504
-2.9959,-0.41714
-2.7208,0.1121
-2.7272,0.25018
-2.6665,-0.13545
-2.7857,-0.0053974
-2.6758,-0.54724
-2.5422,0.16354
-2.3908,0.42026
-1.5482,0.59779
-2.719,0.0016694
9.0116,-5.3708
11.097,-3.9493
-2.6352,-0.059729
-2.8167,-0.28271
-2.4956,-0.23297
-2.9496,-0.067757
-2.6393,-0.081087
-2.9547,-0.090197
-2.5634,0.32543
-2.758,-0.14955
12.66,-4.184
-2.8943,0.013
-2.7381,-0.077696
12.988,-0.79367
-1.9215,0.31073
-2.1485,0.78396
-2.4353,-0.093006
9.4723,9.0687
-2.1463,0.21105
-2.0059,-0.85955
-2.6143,-0.13396
-2.8596,0.075361
-2.5378,0.62622
-2.0427,-0.58182
-3.0713,0.020192
-2.1445,-0.95711
-2.2961,0.31828
-2.8526,0.074069
-2.856,0.080166
14.374,-1.9993
-2.6719,0.18737
-2.8447,0.00036373
-2.487,0.17237
-2.504,-0.10254
-2.447,-0.28917
8.3806,-5.9815
13.029,-4.2376
-2.6217,0.6153
-2.6761,-0.31505
-2.4402,-0.14587
-2.6633,-0.062899
-2.4567,0.41498
-2.7611,-0.082062
-1.3044,0.33232
13.325,-3.7485
11.494,10.648
-2.8842,-0.14368
-2.038,0.90162
-2.6606,-0.035678
11.336,-0.40497
-2.9159,-0.30964
-2.7475,-0.24579
-2.4563,-0.090019
-2.5118,0.15317
-2.5141,0.38862
-2.2721,0.16071
8.7028,9.0709
8.9485,8.0272
13.205,-4.3831
-1.7835,-0.78023
-1.8535,-0.15003
-2.756,0.069477
-2.6344,0.57997
-2.459,1.0253
-2.5421,0.15873
-2.5185,0.35012
-2.543,-0.49181
-3.0566,-0.42466
-2.7685,-0.33791
-2.3281,0.57063
-2.8236,0.10788
-2.7675,-0.35242
-2.5644,0.17681
-2.0682,0.067354
-2.6399,-0.35431
-2.2642,0.36981
10.604,11.093
-2.5438,0.17818
-2.9933,-0.063187
-2.4288,-0.12172
-2.4651,0.078341
-1.8327,0.15552
-2.8234,0.21659
15.197,-1.468
-2.0521,-0.54171
-2.3247,0.74145
10.041,9.1919
-2.2536,0.52616
9.6324,-1.3673
5.7506,-4.9784
-2.0391,-0.27799
-2.7457,-0.12958
-2.9837,-0.21183
-2.7117,0.086838
-2.4846,0.62318
-2.5242,0.13975
-2.2721,0.16071
-2.6893,0.71047
-2.5993,0.17445
-2.821,0.045437
-2.9022,-0.14985
-2.2649,0.0063366
-2.1759,0.40554
-2.7098,0.32841
-2.8276,0.13404
-2.6883,0.18025
-2.5997,-0.43466
-2.6843,-0.079888
-2.9338,-0.11003
-2.2806,-0.43235
-2.9766,-0.28436
-2.6877,-0.32677
-2.7361,0.19379
-2.1302,-0.13023
-2.7705,0.04821
-2.01,-0.24394
-2.8302,-0.060463
-2.5846,-0.14695
-2.3811,-0.24394
-2.8654,0.11818
-2.7474,-0.31594
-2.9773,0.1754
-2.9899,-0.12127
-2.954,-0.20517
-3.0128,-0.15011
-2.8943,0.013
-2.1865,-0.047199
12.694,-4.2017
-2.7423,-0.4427
11.63,4.3945
-2.8029,0.074593
15.818,-0.63651
-2.5546,0.085595
-2.4665,0.23958
-2.136,0.49736
-2.7521,0.21891
-2.9126,0.54706
-2.7036,0.17747
-3.0096,-0.15228
10.904,11.964
-2.6843,-0.57707
-2.4502,0.3457
-2.4165,-0.12397
-2.7222,0.63751
-2.997,-0.12226
-2.5845,-0.38049
-2.3667,-0.20662
-2.6015,0.055264
-3.0023,-0.24844
-2.4354,-0.28224
-2.938,-0.17463
-2.9238,0.13077
-2.7981,-0.12944
-2.9454,0.0050421
-2.0105,-0.069047
-2.8079,0.33535
-2.4907,-0.13382
-1.5432,-0.004313
-2.9895,-0.15148
1.4952,-2.5753
10.943,-0.25864
-3.0678,0.098004
-2.0004,-0.34487
-2.8665,-0.30153
-2.817,-0.13969
-1.2694,0.80855
-2.573,-0.23477
-2.7778,0.48359
-2.7322,-0.1502
-2.2024,-0.15538
-2.4372,0.10345
0.95546,-1.186
-0.54707,-0.96225
-2.0105,-0.069047
-2.0933,0.13789
-2.958,-0.22493
10.92,8.7631
-2.5603,-0.15069
-2.79,0.00073578
-2.4631,0.094429
8.6362,-5.2995
13.642,-4.0385
-2.7747,-0.28988
-2.4173,0.10102
14.989,-0.011266
-3.0132,-0.094951
10.243,10.252
-2.6305,0.04447
-2.2419,0.078078
-2.6066,-0.66464
-2.1536,-0.62014
-2.8807,-0.10846
10.649,12.148
-2.504,-0.10254
13.289,-3.7358
-2.7944,-0.18757
-2.2886,0.18377
-2.3248,-0.16667
-2.5881,-0.55151
-3.002,0.05817
-2.9873,-0.11963
-2.7247,-0.23058
-2.9926,-0.43535
-1.8629,-0.23574
-2.9599,-0.17736
-2.7912,-0.08384
-2.5419,0.088184
-2.5122,0.024938
-2.8536,-0.23813
-2.5397,0.38536
-2.8448,0.18605
7.4962,6.8172
-0.062179,-1.7159
1.5058,-2.7692
13.07,-4.2978
4.6274,-4.9879
-2.5067,0.46348
-3.0203,-0.29078
-2.5781,0.092376
-2.1935,1.4954
-3.0962,-0.36867
-2.6573,-0.069174
-2.5235,0.14703
-2.146,0.0043736
-2.7088,0.17572
-2.623,-0.5252
-2.4535,0.16399
-2.5713,-0.07008
-2.5369,-0.37853
-2.9094,0.20883
-2.8679,0.08227
-2.7207,-0.004271
-2.7951,-0.1904
-2.9443,0.12701
12.962,-5.0269
-2.8122,0.092345
-2.07,0.70979
-2.3349,0.41152
-2.0933,0.13789
8.5319,5.7616
-2.4621,-0.51845
12.759,-4.5107
-3.0973,-0.2594
-2.5837,-0.252
-2.5058,-0.3288
-3.034,0.13148
-2.8254,-0.083667
10.366,13.012
1.7496,-2.948
-2.9669,-0.17039
-2.5674,-0.38828
-2.3935,0.22099
-2.7506,0.064528
-2.887,-0.18768
-2.7486,-0.0563
-2.897,-0.43746
-2.5766,-0.17441
-2.3709,-0.48649
-2.4236,-0.0042554
-2.3034,-0.30823
8.8241,-4.9823
-2.48,0.55882
7.4694,4.8568
-2.2878,-0.038701
-2.8302,-0.060463
-2.1863,-0.29029
13.466,-4.4058
12.656,-4.4842
11.209,11.909
-2.8699,0.2452
-2.4071,0.0073141
-2.5157,0.22281
9.4656,8.5512
-2.4883,-0.071285
-1.9394,0.12861
-2.4606,0.35094
-2.5965,0.47408
13.946,-3.3107
13.145,-4.7304
-2.4046,0.33999
12.705,-4.5193
-2.9459,0.02224
-2.8236,0.10788
-2.6334,-0.1868
-2.3354,-0.46994
-2.8627,-0.041976
-2.3485,0.043751
-1.8121,-0.49127
-2.4605,-0.19136
-3.0192,0.33367
-2.5636,0.18503
-2.4173,0.10102
-2.7251,0.07498
-1.7593,1.6479
-1.8258,-0.8577
-2.8285,-0.031746
-2.7119,0.4366
-2.9432,-0.13792
-1.0819,0.14245
-2.9707,-0.13373
2.4895,-3.6046
-2.3104,0.33073
-2.8181,0.4452
6.4743,-5.2604
8.2028,-5.6981
-3.0771,-0.33156
-2.3199,-0.29878
-2.8464,-0.30308
-2.3381,0.058673
-2.702,0.10518
-2.4466,0.074772
9.9891,8.7515
-2.4386,-0.17958
-2.764,-0.15561
-2.6393,-0.081087
-2.6264,-0.22074
-2.8245,0.19285
-1.9853,0.295
14.84,-1.9388
-2.5359,-0.083835
-1.8438,0.19999
13.867,-2.7957
9.522,8.5795
-2.4287,0.022217
-2.0953,-0.053288
-2.5296,-0.50637
-2.8462,-0.39538
-2.4136,-0.53534
-3.0433,-0.062246
-1.7181,0.16061
-2.1259,0.045196
0.5356,-2.0366
-2.4311,-0.39122
-2.7947,-0.28507
8.7868,8.6706
-2.7903,-0.64867
-2.4097,-0.33889
-2.8759,0.05018
8.048,4.447
-2.8302,-0.060463
-2.7096,-0.24153
8.2113,7.7892
-2.7896,-0.17095
-2.4695,-0.2889
-2.9578,-0.38113
-2.7744,-0.11818
-2.6713,-0.24989
-2.7895,-0.20308
-2.2978,-0.29777
-2.8027,-0.1488
-2.418,0.2747
8.3777,-5.7819
-2.881,-0.049422
-2.7153,0.31118
-2.6677,0.17766
-2.8508,0.15865
-3.0214,-0.12776
-2.2198,0.4594
-2.5925,-0.18877
-2.1083,-0.93246
-2.5554,-0.35131
12.648,-4.2942
-2.7532,1.2867
-2.8358,0.15661
-2.8456,-0.082249
-2.5797,0.44259
-2.6522,0.063281
-2.4239,0.27709
-2.8488,-0.065625
-2.5041,0.014886
-2.607,0.026398
-2.918,0.064265
15.959,-0.33341
-1.7797,-0.35095
-2.6393,-0.081087
7.8685,6.3604
-2.8093,0.10107
-2.3766,0.28668
9.3662,7.7895
14.824,-2.2231
5.6501,-4.2408
-2.3455,0.17002
-2.5182,0.40193
-2.0198,-0.33766
-2.4315,0.40463
13.4,-3.8864
-2.9666,-0.085277
-2.7406,-0.39536
-2.7107,0.044184
-3.0767,0.14776
-2.5963,-0.11419
-2.3675,0.25738
-2.121,-0.27262
-2.3736,-0.55286
-2.3167,-0.051748
15.27,-1.2616
-2.6538,-0.067998
-1.7871,0.00053071
-2.7718,0.35524
-2.1035,0.54433
1.8528,-2.3343
-2.6753,0.19368
-2.8415,-0.19546
-2.7825,0.22502
-2.6555,-0.1143
-2.9473,0.15455
13.837,-3.9894
-2.8235,-0.34239
9.4147,9.0941
-2.731,-0.16606
-2.813,-0.30838
-2.4696,-0.034485
-2.5447,-0.1731
-2.8814,-0.032097
-2.7476,0.30653
7.1084,-5.7431
-1.8256,-0.4176
15.773,-0.56512
-1.9683,0.16972
-2.7659,0.059791
1.6036,-2.9516
8.2116,5.4103
-2.7506,0.064528
8.3777,-5.7819
-2.6505,-0.2268
-2.6604,-0.28067
-1.8974,0.94482
-2.7146,0.61394
-2.7809,0.39551
14.884,-1.5885
-3.0023,-0.24844
-2.5355,0.55415
-2.6423,0.10853
-2.6813,0.03006
-1.9096,1.7073
-2.4096,0.08304
-2.1299,0.057553
-3.0023,-0.24844
-2.3029,-0.59479
-2.5926,-0.070771
-3.005,0.30431
-3.0059,-0.055368
-2.3353,0.18484
-2.7818,0.11785
-2.2166,-0.26253
-2.0933,0.13789
-2.9019,-0.22439
13.48,-3.864
3.5968,-3.8543
-2.6801,0.58686
-2.1062,-0.086827
8.8036,-6.1295
-2.7127,-0.55657
-2.5573,-0.32671
-3.1463,0.019643
-2.6757,0.013809
13.11,-4.0034
-1.0601,1.0152
-1.3056,-0.65706
-2.66,-0.068575
-2.8428,0.14948
-1.8155,0.64816
-2.7187,-0.20038
-3.0172,-0.056868
13.466,-4.4058
-2.1968,0.2844
-2.0613,-0.32162
-1.2623,-0.34036
-2.3724,-0.029672
-2.2136,0.28846
-2.9633,-0.15789
-2.8146,-0.45264
-2.2171,-0.97247
-2.9389,-0.40131
-2.9014,0.0081416
-2.5701,0.87144
15.4,-0.54762
-2.9749,-0.15161
12.907,1.875
-2.7776,0.19535
-2.163,-0.091485
-2.2069,0.35608
-2.5325,-0.14761
-2.5754,0.075718
-2.5182,0.40193
-3.1548,-0.32007
-2.8568,0.17269
-2.7966,0.035239
-1.9151,-0.39253
-2.07,0.70979
-2.8226,-0.0082641
-2.9317,-0.14059
-2.604,-0.39128
-2.6723,0.26331
13.084,-4.394
-2.3628,0.14093
-3.0205,-0.14392
-2.531,0.02176
-2.9053,-0.15381
-2.5202,-0.19636
-2.4929,-0.36524
-2.9084,0.14442
-3.0771,-0.33156
13.736,-3.6014
-2.3247,0.72317
-2.8396,0.046903
-2.8904,-0.0998
-2.7513,0.04736
-2.328,-0.81716
12.423,-4.2604
-2.8605,-0.44359
-2.975,-0.3787
8.1581,-5.6139
-2.9959,-0.41714
-2.8188,0.065953
-2.0025,0.022546
-2.7747,-0.31746
1.5672,-2.0478
6.1718,-4.5158
2.3102,-3.4752
-2.8135,-0.11337
12.906,-4.3221
-2.8792,-0.32242
-2.6634,0.93108
-2.8736,-0.10088
-2.886,-0.47638
-2.2217,0.033717
-2.7521,0.21891
-1.5631,-0.21309
-2.528,0.11504
-2.4982,-0.23645
-2.4493,-0.074865
-2.6398,-0.24177
-2.5559,-0.18271
-2.3668,-0.18139
-2.9093,-0.55525
-2.485,0.11685
-2.5004,-0.43557
-2.7311,0.19905
8.0915,8.1204
12.014,-4.674
-2.8663,0.012189
-1.7842,0.28116
-2.7885,0.25684
10.369,12.078
-2.6884,-0.030972
-2.9019,-0.22439
13.09,-4.1783
12.465,-4.5097
10.524,8.3712
-2.7668,-0.25666
-2.3037,-0.70226
-2.6699,-0.099311
-2.969,-0.11944
12.428,-4.6876
13.642,-4.0385
-2.8434,0.075331
-2.4401,-0.03778
-2.7842,0.49234
-2.2384,0.51151
10.71,9.1659
7.4771,-5.8698
10.557,-4.7274
9.302,9.4865
-3.1233,-0.27734
-2.2135,0.36739
-2.8506,-0.15153
-2.6631,0.27037
-2.9022,-0.14985
13.149,-4.437
14.252,-3.0585
8.478,-5.5837
-1.6701,0.0080453
-2.4362,-0.25355
-2.3602,-0.30091
-2.3533,-0.2956
-2.8807,-0.13867
-2.8982,0.27425
-2.7967,0.011395
-2.4511,-0.25676
-2.6315,0.36993
-3.0023,-0.24844
-2.7142,-0.18866
-2.7978,0.58636
8.7159,-5.4835
-2.9161,0.013985
-2.8482,-0.17792
-2.9238,0.13077
-2.484,0.16083
8.54,-5.6116
9.9218,9.0733
-2.7872,-0.14148
-2.6349,-0.42645
-2.9386,0.030144
9.2459,-5.0799
-2.4502,0.3457
-2.1893,-0.24798
-2.9692,-0.36105
-2.9274,-0.14571
3.9409,-4.3833
-2.8382,0.10284
1.2166,-2.6142
12.815,-4.6573
-2.8089,0.15601
-2.1559,0.95401
15.397,-0.57187
-2.974,-0.14665
-2.7521,0.21891
-2.7294,0.06651
-2.4692,-0.0033827
-1.6491,0.15728
-3.0203,-0.29078
-2.1437,-0.58902
12.849,-5.0367
-2.5754,0.075718
-2.8194,0.056685
-1.7308,0.94695
-2.9374,-0.20886
5.249,-4.1701
-2.6902,-0.042919
-1.8582,0.55268
-2.1209,0.17263
-2.6062,-0.25306
-2.6238,-0.15841
-3.084,-0.033918
-2.5584,-0.24814
-1.8664,-0.30402
-2.4464,-0.092374
1.2394,-0.10949
-2.4736,-0.32511
1.5927,-0.43446
-2.4167,-0.45544
-1.6917,-0.45776
-2.7865,0.65377
-2.5592,-0.016295
-2.7361,0.42679
-2.9274,-0.14571
-2.774,0.15661
15.789,-0.6328
-2.8394,0.42504
-2.8866,-0.28841
13.072,-4.9878
-2.9038,-0.11016
12.767,-4.767
-2.0431,-0.21881
-2.6546,-0.089491
-2.6991,0.016604
-2.604,-0.43372
-2.3613,0.4814
-2.3771,-0.0095463
-2.4362,-0.25355
10.251,12.55
-1.8439,0.088598
-2.6801,-0.59746
-2.5495,-0.021499
9.4544,9.0067
-2.1603,-0.40219
-2.493,-0.13474
-1.4948,0.17733
-2.0994,-0.022576
-2.2721,-0.35518
-2.8536,-0.23813
-1.7329,-0.35154
-2.6479,0.17887
-3.0363,-0.29305
-2.3125,0.3418
9.7681,7.7529
-1.9485,0.36902
12.619,-4.1013
8.874,7.799
-2.9203,-0.20928
5.9444,-4.6926
-2.7146,0.082053
-2.637,0.95695
-2.6556,0.4037
-2.4849,-0.36812
-2.8131,-0.36486
-3.0537,-0.15859
6.469,-5.5963
-2.6613,-0.64042
-2.0925,0.1969
-2.9669,-0.17039
-2.6758,-0.54724
-2.9386,0.030144
-2.3986,0.62523
-2.3945,0.20445
-2.7017,0.020427
3.3789,2.7135
-2.5814,0.13559
-2.5719,0.95844
-2.7699,-0.26516
10.788,11.104
-2.8329,0.055189
5.414,-4.8089
-2.7666,0.28498
1.9246,-2.9186
-2.4736,-0.32511
9.6504,9.506
-2.7291,-0.66133
-2.7188,0.83816
-2.4969,0.21063
8.7175,-5.6733
-0.96766,1.311
-1.8535,-0.33379
-0.61433,1.3681
-2.8285,-0.031746
-3.0407,-0.30433
-3.0694,0.02436
-2.9007,0.46478
-2.026,-0.28745
-2.3824,0.46732
-2.9038,-0.11016
-1.8976,-0.13756
-3.0788,-0.23134
-2.4101,-0.23008
-2.9902,-0.22817
-2.3979,0.98115
-2.548,0.14742
-2.1666,-0.052202
-2.4947,0.03942
-2.9063,0.20251
-1.8259,0.13094
8.6772,-3.8256
-2.7506,0.089589
-2.8346,-0.027675
-3.0098,-0.27986
-2.4372,0.10345
-1.678,0.37832
-2.2848,0.3047
5.5506,4.5823
-2.1488,-0.24725
-2.5443,0.89981
-2.6949,0.31814
-2.8134,-0.40959
-2.8162,0.2596
-3.0128,0.52368
-3.1186,-0.069606
-2.4502,0.3457
-2.8937,-0.14241
-2.5188,0.11274
15.681,-0.052361
-2.6417,0.26911
-2.5093,0.3286
-2.6948,0.14922
-2.7858,-0.036015
-2.1817,-0.046107
-2.8603,-0.097347
-2.8039,-0.21126
-2.7687,0.29547
-2.4768,-0.014782
-2.1643,-0.069276
-1.968,0.23268
-2.8944,-0.36838
-2.7854,-0.11043
-2.9323,-0.29141
-2.67,-0.1517
-2.4899,0.19119
-2.8161,0.10655
-2.7916,-0.029252
10.55,12.069
-2.3488,-0.49245
14.239,-1.9558
-2.7718,0.096565
-2.4481,-0.38447
-2.2577,-0.085195
-2.9268,0.14688
-1.4865,0.34517
-2.9027,0.037646
8.1876,8.5537
-3.0032,0.10222
-2.6618,-0.31977
-2.834,0.027557
-1.8275,0.46186
15.457,-0.27375
-1.9707,1.0738
-2.0894,0.47683
-2.5552,-0.3659
-2.7697,-0.60908
-2.6979,-0.22908
-2.4939,0.32604
-2.6751,-0.14762
-2.8478,0.057437
-2.3438,-0.03953
-2.6619,0.37827
13.96,-3.3021
15.713,-0.44008
-3.1309,-0.049379
-2.8673,7.2501e-05
-2.5523,0.022295
-2.3454,0.051682
-2.7031,0.22157
-2.9218,-0.1525
-1.981,-0.77165
-2.7017,0.13779
9.1028,8.9529
-2.7394,-0.11145
13.53,-4.0374
-2.0851,-0.041428
-2.6428,-0.25606
-2.4765,-0.50558
-2.4551,-0.24651
-2.7982,-0.12529
-2.2368,0.059063
-1.0623,0.23404
5.2253,-4.7913
1.5983,-2.5821
-2.7401,-0.023499
-2.5453,-0.44973
-2.2231,-0.2506
-2.7869,0.59759
-2.5042,-0.1153
-2.7296,-0.37677
-2.912,-0.2541
-2.7845,-0.21
-2.9282,0.047087
-2.3513,0.087863
-2.0045,-0.39079
-2.3922,-0.43489
15.197,-1.8951
-2.8328,0.27378
-2.2728,0.65928
-2.8149,-0.20516
-2.8167,-0.081366
9.6784,6.8717
-2.0409,0.19313
-1.7329,-0.35154
-2.0094,0.15148
-2.1882,-0.51985
10.747,12.827
-1.898,0.11503
-1.6641,0.63492
-2.9091,-0.028181
7.9066,5.0579
14.312,-3.0671
5.604,-4.4514
15.789,-0.6328
-2.8569,-0.45121
-2.7163,0.068222
-2.6292,0.2546
-2.3425,0.50524
-2.3475,0.68083
-2.5714,-0.41122
-2.377,-0.63151
7.1021,-5.5754
3.9227,-3.3859
-2.6504,0.042693
14.64,-2.3824
9.7899,9.0378
-2.3748,-0.37853
-2.5966,-0.39905
-2.2144,-0.020973
-2.2224,0.89679
-2.4753,0.46279
-2.6074,0.4277
-2.8125,0.16201
-2.944,0.17089
8.6606,6.8611
-2.6792,0.51881
-2.9282,0.045405
-2.8306,-0.28953
-2.9769,0.066515
8.9797,8.7873
5.8193,-5.4189
-0.96373,0.15278
-2.7381,0.64448
-2.5687,0.49068
-2.885,-0.019931
12.851,-4.535
-2.9692,-0.16091
2.1966,-2.9975
-2.0298,0.15714
-2.8326,0.020642
11.604,6.2931
-2.8214,-0.071234
-0.91947,0.63032
-2.9229,-0.26028
-3.0336,-0.070221
-2.4606,0.35094
-3.0827,0.054991
-2.493,0.15891
-2.8663,-0.1866
-2.2868,0.34538
9.7681,7.7529
-2.2463,-0.48952
14.924,-1.4273
-2.49,-0.13741
-2.8672,0.31672
-2.6095,1.0932
-2.271,0.47661
-1.9809,-0.066945
12.861,-3.6283
-2.845,-0.39248
-1.613,-0.60465
-2.5143,0.039247
-2.9594,-0.0023244
-2.4258,-0.072932
-2.7687,0.29547
15.036,-1.7143
-1.3936,0.072396
-2.8619,-0.20565
-2.9032,0.44505
-1.8329,-0.91175
-1.9503,0.17869
-1.6361,0.21653
-2.6369,0.065211
13.453,-3.795
-2.7159,0.36515
15.959,-0.33341
-3.0041,-0.15907
-2.6205,0.26211
-2.901,-0.3792
-3.0023,-0.24844
-1.9659,0.23513
3.3744,-2.0448
-2.6947,0.0036552
-2.9813,-0.10569
2.5125,-3.3332
-3.1484,0.22786
14.784,-1.476
7.5686,-5.6392
-2.9012,-0.078063
-2.4951,-0.2709
-3.1065,-0.245
14.344,-3.0887
-2.7036,0.27598
-2.4077,0.12312
-1.9647,0.047089
-2.4392,0.027078
-2.9379,0.070267
-2.5439,-0.29961
-2.4133,-0.095928
4.3262,-0.60992
7.24,-5.3042
-2.8181,0.4452
-2.7454,-0.29852
-2.92,-0.13229
-2.9432,-0.13792
7.3017,-5.2069
11.362,12.489
7.4397,-6.0257
15.287,-0.96128
-2.3454,0.051682
-2.7699,-0.26516
-2.5904,0.15157
-2.2587,-0.72585
-2.3141,0.041249
-2.9452,-0.07611
-2.5644,-0.080867
-2.2721,0.16071
7.6717,-5.6738
13.179,-4.7626
-2.2024,-0.15538
-2.1622,-0.46024
-3.0132,-0.094951
-2.8748,0.036133
-2.6535,0.063049
-2.9206,-0.0043939
-2.7262,0.15702
-2.7448,-0.053228
-2.9084,-0.061977
-2.2365,0.083224
9.4488,4.6787
-2.8464,0.089737
-2.9126,-0.25799
-3.1029,-0.12129
-2.8586,0.23064
-2.7236,-0.10833
-2.6952,-0.42379
-2.741,-0.07611
-2.6139,0.17266
-3.0504,-0.34115
-2.6134,0.45777
-2.4434,0.13276
-2.7014,0.079716
-2.6082,0.24261
-2.6274,-0.14585
-2.4087,-0.22094
8.6311,7.7226
-2.4986,-0.21596
14.212,-2.8998
-2.2615,0.43403
-2.4233,-0.11977
-2.7107,0.092765
-2.4649,-0.08685
-2.8006,0.091887
-2.7663,0.023372
-2.6879,-0.2852
-2.6694,0.29903
-2.8185,-0.03514
15.233,-0.61748
-2.9433,-0.26553
-2.9129,-0.050358
-2.4476,-0.3781
-2.624,0.66269
13.807,-3.8918
-2.7396,-0.45469
-2.5572,0.36213
-2.6432,0.50702
-2.5612,0.86264
5.4266,-4.5776
12.525,-4.543
-2.6669,-0.5383
-2.5138,0.30344
-2.3913,-0.13999
-2.8131,-0.44662
-2.5536,-0.46288
-2.3271,-0.49745
-2.8043,-0.29533
-2.2657,-0.58846
1.5531,-3.2537
-1.9526,1.307
-1.0111,0.77122
-2.0894,0.47683
8.9797,8.7873
-3.0299,-0.20614
-2.9183,-0.18759
-1.6821,-0.11182
-2.6399,-0.35431
6.9166,-5.3894
-2.6047,0.11175
-2.9174,0.071034
-3.0487,-0.11725
-2.9257,0.22371
-2.8027,0.10236
-2.9293,-0.24523
-2.1474,-0.2736
-2.9894,-0.07841
-2.6548,-0.10402
-2.5387,0.61949
-2.5389,-0.6189
-2.135,0.4439
-2.5836,-0.64878
-2.6023,0.094517
-2.0459,0.69643
-2.3437,0.72896
-2.6965,-0.30872
-2.65,0.74141
-2.9012,0.00068458
12.77,-4.7934
-2.9503,-0.14881
5.0702,-4.5726
-2.9545,-0.016282
-2.5976,0.51961
10.26,9.0047
-2.6371,-0.12493
-2.6233,-0.16013
-2.9252,0.062238
-2.531,0.02176
-2.3591,-0.04558
-2.0583,-0.64536
7.3808,-4.3594
2.6429,-2.8833
-2.9782,-0.11762
-2.3434,-0.55592
-2.1194,0.34596
8.5211,-5.1895
-2.5921,0.31705
-2.5364,-0.0015544
6.4377,-5.1376
-2.7507,-0.38361
-2.9589,-0.46513
-2.9315,-0.09233
-2.9094,0.15266
-2.8775,0.033427
-2.0059,-0.50487
-2.8713,-0.036713
-2.6299,-0.46796
-2.5093,-0.4595
-2.9183,-0.18759
-2.4315,-0.097192
8.8404,8.3387
-1.8898,0.13072
-2.8336,0.070542
-2.5602,-0.58721
-2.502,0.66176
-2.7634,-0.13493
5.1694,-4.713
9.0109,6.303
-2.4736,-0.32511
13.825,-2.1114
-2.362,-0.3925
13.415,-4.1816
-1.8461,0.027856
-1.9289,-0.49096
10.612,10.778
-1.7685,0.066085
-3.1368,-0.27773
-3.0319,0.26635
13.81,-3.5444
-2.067,0.46527
-2.8631,-0.035644
-2.2621,-0.14093
4.9482,-3.1411
-2.576,-0.38388
-2.6026,0.074428
-2.8182,-0.24897
-2.3669,0.45518
-2.5336,0.080604
-2.8447,0.18345
6.3662,-5.9607
-2.6573,-0.069174
-2.7869,-0.27981
-2.3856,-0.089404
-2.8633,-0.0085525
-2.9307,-0.012662
-2.3548,0.37623
12.893,-4.8795
9.9218,10.855
-2.8309,-0.21403
7.8042,5.5175
-2.7971,0.021625
-2.8447,0.00036373
12.076,-4.7379
-2.4321,-0.4576
-2.8274,-0.23002
8.5372,-5.7938
-2.4448,0.034841
-1.7662,-0.50784
-2.9082,-0.35987
-1.9374,0.46736
9.0603,5.3816
10.277,11.643
-2.3256,1.0568
-2.5546,0.085595
-2.702,0.10518
-2.6094,0.59619
7.7571,6.7493
-2.9181,-0.15139
-2.7904,0.096357
-2.4216,0.14591
-2.627,0.21093
-2.6644,0.02863
-2.9786,0.042426
-2.7484,-0.22844
-2.6141,0.060923
-2.3908,0.42026
-2.3544,-0.28369
8.3911,8.8461
-2.6842,0.95658
-2.5966,-0.39905
-2.9636,0.17376
9.7318,10.213
-2.9883,-0.060318
-2.9823,-0.24659
-2.696,0.12331
-2.9818,-0.33649
5.6056,-4.5344
-2.455,-0.20897
-2.3622,0.60958
-2.3437,-0.44187
-2.7707,-0.16917
-2.2326,0.75584
-2.0679,-0.33358
-1.7042,-0.84279
-2.687,0.40184
-2.8562,0.028649
-2.5456,-0.097473
-2.4323,-0.34966
-2.7721,-0.16654
-2.8725,0.24838
-2.9669,-0.17039
-2.5685,-0.017167
-2.8101,-0.24609
-2.875,0.14111
-3.2368,0.1926
-2.5338,-0.34673
-2.6345,-0.41956
-2.9671,0.33207
-2.4724,0.6459
-3.2368,0.1926
-2.2761,0.35981
-2.8635,0.013126
-2.4842,0.37647
-2.3054,0.28898
-2.9944,0.10139
-3.092,-0.12686
-2.7813,-0.18212
-3.0023,-0.24844
-2.7663,0.12275
-2.7547,0.091627
-2.4513,-0.085169
-2.8311,0.14503
-2.4972,-0.12341
-2.2704,0.66375
-1.9036,0.088282
-2.6909,-0.13134
-2.4348,0.6142
9.6936,4.2758
-3.1109,-0.10444
-2.9217,-0.037584
-2.2913,-0.56667
-1.786,-0.38051
-1.9508,0.92834
-2.4987,-0.29677
-2.5627,-0.071163
-2.9226,-0.11637
-2.9749,-0.26962
-2.299,-0.11329
-1.9085,-0.49631
-1.8964,0.21715
-2.4763,0.30297
15.643,-0.16596
-2.8894,-0.022145
12.655,0.58547
-2.6636,0.27982
-2.9192,-0.10163
-2.6663,-0.22926
-3.0983,-0.24598
-2.8371,-0.21805
-2.8807,-0.35878
-2.7719,0.1601
13.641,-4.0066
-2.7234,0.12514
-2.8597,-0.073448
-1.5998,0.1654
-2.8725,0.24838
-2.3377,0.3451
15.371,-0.32083
7.9664,8.3729
8.8438,6.33
-2.3641,-0.35046
-2.5809,-0.078261
7.5744,9.5331
-2.7112,-0.4594
12.507,-5.0334
-2.4557,0.2358
-2.7692,0.13068
-2.8518,-0.10827
-2.6604,-0.2392
9.5199,-5.4609
-2.4665,0.23958
-2.3143,0.44086
-1.5359,0.39424
5.414,-4.8089
-2.8211,-0.2326
-2.2459,-0.31826
-2.8752,-0.15968
-2.0828,-0.035857
-2.0866,-0.44071
-2.8591,0.078156
-2.7296,0.025445
1.6142,-3.0598
-2.4288,-0.20214
-2.222,-0.35423
-2.7821,0.0082571
11.372,12.367
13.317,-4.4587
-2.5938,0.22955
-2.9964,-0.10527
-2.5795,0.16369
-2.8182,-0.24897
-2.9062,-0.26158
-2.4841,-0.15082
-2.6873,0.058129
-2.4442,-0.045257
-1.7599,0.56065
-2.1075,0.5257
-2.8348,-0.35733
-2.3702,0.057662
-2.3,0.49135
-2.2491,0.62129
-3.1018,0.38448
-2.2588,-0.0090627
-2.7982,-0.27111
-2.6306,-0.393
15.132,-1.2456
-2.5183,-0.26061
-1.8889,-0.18545
12.92,-3.8883
-3.042,-0.059345
-2.5182,0.039906
8.048,6.5753
-2.9627,0.18339
-1.8595,-0.18552
9.2614,8.957
-2.8323,0.015266
5.8326,-4.709
-2.2774,-0.56508
-2.5532,0.17191
12.767,-4.767
-2.6813,0.03006
-2.7718,0.11055
-2.7412,-0.26794
-2.368,-0.018747
-2.0381,0.76429
-2.9398,-0.00754
-2.7692,0.13068
13.275,4.0309
-2.7401,-0.16121
-2.5019,0.61128
-2.5765,-0.21273
-2.722,-0.1504
-2.5967,-0.035622
-2.4291,-0.24315
-2.7282,-0.32732
-2.6983,-0.29606
-2.5577,-0.25404
-2.8536,-0.23813
-2.9369,-0.21396
12.447,-4.2444
-2.5963,-0.20293
-1.6975,0.97014
-2.7771,-0.15771
-1.8449,-0.29801
-2.7641,-0.2691
-2.044,0.024719
-3.1097,-0.24381
-3.0159,-0.25349
-2.4167,-0.45544
-2.1437,-0.58902
9.3756,8.0322
-1.228,0.72952
-3.0096,-0.15228
-2.5378,0.62622
8.9698,8.3701
-2.8304,-0.27376
-1.4865,0.34517
-2.243,-0.48057
8.3548,4.7836
14.094,-3.1528
-2.3744,-0.1678
-2.7077,-0.014503
-2.5797,0.44259
12.718,-4.239
-2.7804,0.36809
13.659,4.6673
-2.5228,0.22032
-2.767,-0.15524
-3.0241,0.058542
-2.6438,-0.39382
4.7915,-4.2244
-1.8275,0.46186
-2.5567,-0.68096
8.411,8.124
11.411,12.246
-2.362,-0.3925
-2.288,0.53203
-2.6423,0.19303
-2.9337,-0.25735
-2.5231,0.48893
-2.8248,-0.025107
13.391,-3.3394
-2.5639,-0.2986
-1.6721,0.018401
-2.7176,-0.076926
-2.5454,0.06927
13.708,-3.9777
13.228,-4.4163
-2.1808,0.090653
-2.9115,-0.043208
-2.7839,-0.12151
-2.7922,-0.16733
-2.2856,0.17077
-2.6879,0.027002
-2.4196,0.021474
-2.8344,0.024957
-3.0041,-0.15907
-2.3257,0.51987
-2.6295,-0.16445
-2.5067,0.46348
-2.4063,-0.42928
-2.4227,0.3471
-2.8965,-0.0011001
-2.5128,0.31497
-2.5378,0.62622
-2.2938,0.053429
-2.8386,-0.062369
-2.7574,-0.071711
-2.2231,-0.2506
-2.6244,0.074134
-2.6127,0.13127
7.755,6.1437
-2.3569,-0.4405
-2.5527,-0.61899
-2.4151,-0.018841
10.747,12.827
-2.6713,0.093308
11.14,12.416
-2.3753,-0.19944
-2.2761,0.35981
-2.6827,0.10369
-2.6697,-0.18566
-3.0241,0.058542
7.4626,-5.4139
-2.6481,0.35216
-2.4289,-0.20497
-2.8606,0.3391
-2.7938,-0.03324
-2.7457,0.55051
-2.8415,-0.19546
-2.3467,0.061143
-2.7203,0.224
-2.8132,0.40801
-1.8473,-0.55825
13.479,-3.745
-2.7522,-0.36895
-3.0203,-0.29078
10.449,10.994
-1.5649,-0.21795
14.18,0.83767
-2.3186,0.37052
-2.9769,0.066515
-2.5348,0.39832
9.9374,8.7766
-2.5117,-0.62326
-2.1631,0.34954
-2.8844,-0.26715
-2.5838,0.45413
-2.9081,-0.29184
-2.2045,0.60722
-1.8196,0.09566
-2.9861,-0.11673
-2.7527,0.18179
-2.0037,0.021211
-2.0209,-0.48344
-2.4606,0.35094
-2.6662,-0.22952
-3.0023,-0.24844
-2.7814,0.062505
-2.6226,-0.18904
-1.8025,0.15151
-2.5556,-0.182
-2.9083,0.11558
-1.9761,0.79517
-2.1992,-0.93013
-2.5512,0.2738
-3.0008,-0.20133
-2.2364,0.67735
-3.0214,-0.20141
-3.0433,-0.062246
5.6499,-5.4954
-2.1811,0.71202
-2.8137,-0.26012
-2.2656,-0.32553
14.954,-1.5202
-2.5341,-0.68925
-2.5867,-0.14642
-3.0705,-0.19256
15.27,-1.2616
-3.0087,0.10874
-2.182,0.86719
-1.8037,-0.63161
-2.9067,-0.2143
-2.222,0.3259
-2.5058,0.13498
-2.9536,0.1467
-2.1202,0.43342
-2.704,0.44061
2.3957,-3.6771
-2.3541,-0.24812
-2.1355,0.43444
-3.0009,-0.32135
-2.5925,-0.072888
-2.6278,-0.44861
-2.5999,-0.27314
-2.5565,0.041181
-2.7952,-0.18562
2.1789,-3.0938
-1.6566,-1.1718
12.695,-4.0023
12.871,-4.2456
-2.8304,-0.17702
15.012,-1.3413
12.608,-4.0278
-2.9978,-0.20555
-2.3438,-0.76198
4.3781,-3.2001
-1.7657,1.0508
-2.6184,-0.42145
-2.705,0.023867
-2.1554,-0.19505
-1.7871,0.00053071
5.1694,-4.713
-2.7384,0.45854
7.1463,6.3778
12.272,-4.5156
13.695,2.4372
-2.4956,-0.23297
-2.733,-0.11107
-2.974,0.16983
-1.678,0.37832
-2.952,-0.25601
3.2988,-3.6566
14.846,-1.3497
-2.4541,-0.6498
-2.4368,-0.63548
-2.8082,0.19414
-2.498,0.010244
9.5138,8.8584
-2.8015,-0.12969
14.407,-2.8864
-3.0022,-0.25912
-2.6027,-0.32829
12.908,-5.0046
-2.2496,0.34947
-2.2859,0.43083
-2.2613,-0.37341
-2.6391,-0.11341
-3.1058,-0.058489
-2.8975,-0.10074
12.824,-4.8401
-2.8523,0.050581
-2.7751,-0.0015219
-1.8742,0.86603
10.555,2.4903
-2.278,-0.2236
-2.7184,-0.092102
-2.29,-0.1001
-2.9218,-0.1525
-2.1964,0.56947
-2.5815,0.35511
-2.7222,0.63751
-2.8048,-0.52789
-2.9424,-0.1847
-2.5931,-0.072931
-2.5938,0.22955
9.3662,7.7895
-2.88,0.19639
10.569,10.88
-2.5434,-0.30693
13.418,-4.2346
-2.7656,-0.31265
-2.505,-0.39584
-2.7689,-0.013673
12.76,-4.8854
-2.7487,-0.26732
-2.7814,0.062505
15.132,-1.7241
13.451,-4.6188
9.1683,8.8569
12.176,-3.9754
-2.7172,0.47937
-2.7515,0.13337
-2.8407,0.40047
-2.6633,0.50634
-2.4562,-0.19914
-2.5007,0.67239
-3.0023,-0.24844
-2.4526,-0.24374
-2.1235,-0.13629
-2.3218,0.063593
-2.604,-0.032166
-1.6721,0.018401
6.4887,-4.875
-2.7566,0.031334
15.032,-2.0269
-2.8607,0.43399
-2.5692,0.058661
12.612,-4.3024
-2.6112,0.5097
-3.0023,-0.24844
-2.4015,-0.14419
-2.8181,0.07869
-3.0019,0.026201
-2.6423,0.10853
-1.6687,0.33325
15.789,-0.6328
-2.6411,0.39731
-2.6735,-0.040122
-2.4553,-0.11673
9.4656,8.5512
-2.5043,-0.20783
-2.4787,-0.077209
8.8431,8.2201
-2.7108,0.27528
-2.4837,-0.054622
-2.1333,-0.17481
-2.9015,-0.050223
12.867,-3.7131
-2.8305,0.0099375
-2.6581,-0.36586
-2.9315,-0.09233
-3.0059,-0.30433
-2.8907,0.087331
-2.1193,0.45918
-1.9646,0.0058365
15.896,-0.32356
-2.5406,-0.046197
-2.6001,-0.41361
-2.8547,-0.19331
-2.8854,0.033215
-2.9058,-0.33365
-2.8898,-0.087527
-2.6537,0.1617
-2.885,-0.20706
-3.0059,-0.30433
-2.7118,-0.33355
-2.53,1.0105
-2.6884,-0.32378
-2.9789,-0.17605
-1.6608,-0.0051816
-2.528,0.11504
-2.0554,0.33792
13.81,-3.5444
-2.6373,-0.35603
-2.41,-0.38352
-2.5603,-0.15069
-2.8016,0.29815
-2.8581,-0.10089
-2.3557,-0.2284
-2.1442,0.69443
-2.9899,-0.12127
-1.5796,-0.21348
-2.217,-0.44509
2.1789,-3.0938
-2.8382,0.10284
-2.2186,-0.11894
-1.7633,-0.44363
-2.4142,0.20481
-2.7172,-0.26498
-2.507,-0.37231
15.896,-0.32356
-2.6104,-0.27436
-2.9083,0.11558
-2.0525,0.22732
-2.0262,0.22758
13.008,-4.7701
-2.6564,-0.38121
-1.7052,-1.3515
-2.6849,0.14949
13.534,-3.1909
-2.8714,-0.14805
-2.2238,0.55692
-2.5093,-0.4595
-2.8807,-0.35878
-2.5967,0.2577
9.765,10.532
-3.0531,-0.052403
11.585,0.26521
12.705,-4.5193
-2.0408,0.47781
13.632,-4.3317
15.197,-1.8951
-2.0895,2.3769
-2.3911,0.1604
-2.2842,-0.65739
3.8863,-0.95093
-2.3622,0.60958
-2.5772,-0.29522
-2.7262,0.030625
7.692,-4.3761
7.0664,-5.201
-2.893,-0.17325
9.1706,7.9351
-2.7379,-0.10327
-2.6374,-0.28399
-3.0203,-0.29078
-2.8146,-0.45264
8.9482,8.9719
-2.4469,0.073017
-3.0063,-0.13371
8.9371,6.8898
12.757,-3.9979
10.503,9.0392
-2.7969,-0.053212
-1.7688,1.1366
-2.6711,-0.30079
-2.157,-0.12041
-2.6952,-0.42379
-1.852,-0.26646
-2.1442,0.69443
-1.6821,0.26077
-2.6529,-0.14022
-2.8785,0.13062
7.7279,-5.4812
-2.1539,-0.064562
-2.6029,0.57005
-2.8785,0.13062
12.983,-4.7092
-2.997,-0.19802
-2.2892,-0.28311
-2.8842,-0.14368
-2.8673,-0.060806
-2.6054,-0.39915
-1.9839,-0.015902
-2.4258,-0.087284
-2.2806,-0.43235
-2.6734,-0.47827
-2.9788,-0.2129
-3.01,-0.0018499
-2.8962,-0.31648
8.7428,5.2662
-2.5182,0.40193
-2.7061,0.52372
13.882,-3.1324
-1.5065,0.39811
-3.0352,-0.12108
-2.7885,0.25684
10.239,12.582
-2.4085,-0.49179
-2.7108,0.27528
-2.9033,-0.18795
-2.9381,-0.19945
-2.5197,-0.89248
-2.5052,0.14824
-2.016,-0.59
-2.1631,-0.34031
-1.8242,0.9697
-2.9381,-0.19945
-2.6094,0.22639
-2.596,0.28024
-2.6226,-0.38766
14.939,-1.8189
-2.704,0.13248
10.221,10.832
13.073,-4.8132
1.773,-2.4602
5.5478,-4.8079
-2.513,0.051117
-1.7719,-0.32903
-3.0023,-0.24844
-2.465,-0.13249
-2.997,-0.12226
14.12,-1.1736
-2.5608,-0.11167
-2.7154,0.24506
5.8987,-5.2853
-1.9394,0.12861
-2.835,-0.052851
-2.3848,-0.014649
-1.9418,-0.094072
-1.6148,-0.35451
-2.648,0.13057
-2.1968,0.2844
-2.8725,0.0023228
-2.6567,0.74971
-2.6281,-0.066961
-2.6604,-0.28067
-2.2016,0.043195
13.017,-3.4831
-2.9476,-0.070696
-2.8285,-0.025416
-2.2621,-0.14093
13.162,-4.7167
-2.6067,-0.28065
12.177,-4.9163
11.593,13.33
-2.1372,0.53471
-2.8277,0.14543
6.1657,-4.804
-2.7409,0.020101
-2.1927,0.77493
-2.5026,0.0058612
11.287,12.121
-2.652,-0.34895
-2.6219,-0.12077
7.7411,5.7574
-1.4379,-0.72273
-2.632,-0.087782
14.432,-2.3926
-2.8649,0.097072
-2.9957,-0.37627
7.9173,5.4358
12.91,-4.8904
-2.6436,0.048859
-2.2146,0.0269
-2.5212,-0.62565
7.3888,5.1757
-2.6458,0.47231
-2.2791,0.38125
-2.2901,0.62495
-2.7636,-0.080991
-2.4354,-0.28224
-2.3415,-0.032322
-3.0329,0.007983
-2.7302,-0.071402
-2.4165,-0.70978
-2.5364,-0.44544
-3.0023,-0.24844
-2.8981,-0.19971
-1.7028,1.4026
-2.954,-0.37413
-2.9026,-0.042658
-1.8461,0.027856
-2.3709,-0.14594
-2.7448,0.33384
-2.8997,-0.23605
14.939,-1.8189
-2.7438,0.4282
-2.5776,-0.25133
-2.8623,-0.20344
-2.6759,-0.19506
-2.5226,0.25425
-2.262,0.14913
-2.813,0.067249
-1.6788,1.32
-2.3038,-0.391
-1.8411,0.11932
-2.5523,-0.13105
-2.5521,-0.29141
-2.6058,0.74399
8.6772,-3.8256
-2.8013,-0.079397
-2.1886,1.1873
-2.3397,0.11066
-3.1713,-0.28723
-2.8348,-0.35733
6.9148,-4.7123
-2.2516,0.6981
7.8485,5.4102
-2.938,-0.17463
12.121,-3.3585
11.493,2.3797
-2.1659,0.16639
12.014,-4.674
9.5496,9.4883
-2.6184,0.13355
-2.8859,-0.27386
-2.5486,-0.10742
-2.8437,-0.23264
-2.274,0.011196
-2.2047,0.40809
2.5239,-3.6012
-2.9342,-0.21017
-3.0211,0.048667
-2.2598,0.088483
-2.3638,0.15508
-2.0538,0.17723
-3.0021,0.14539
9.1084,9.2292
-2.4948,-0.50015
-3.0082,-0.27051
-2.6112,-0.35771
-2.5658,0.034956
-2.5247,0.13382
10.555,2.4903
-2.9155,-0.1488
-3.1368,-0.27773
-2.3273,-0.26389
-2.678,-0.034638
7.24,-5.3042
-2.581,0.1856
-2.5426,0.21029
-2.8192,-0.33022
-2.7687,-0.18511
12.84,-4.2201
-2.7595,-0.083558
-2.9034,-0.067345
-2.9001,-0.065856
-2.7216,0.15515
-3.0638,-0.1536
-2.7427,-0.18911
-2.4165,-0.12397
-2.5107,0.16824
15.254,-1.7292
-2.7302,-0.071402
14.483,-2.6611
-2.8594,0.057595
-2.1765,-0.18214
-2.4891,0.39819
8.9023,6.2318
1.7882,-2.3851
-2.489,0.21063
-2.9445,-0.18933
-2.2845,0.065511
-2.4736,-0.32511
12.838,-4.6606
8.2256,8.6826
-2.8631,-0.035644
-2.003,-0.29943
-2.2276,-0.42426
-2.6116,-0.03839
-2.9171,-0.068182
-2.5309,-0.43932
-2.7501,0.18039
-2.4887,0.76674
-1.9476,-0.26056
-2.337,1.0697
-2.4046,0.33999
-2.3117,0.3129
-1.9633,-0.24227
-2.9553,-0.16845
-2.7807,-0.046709
-2.7341,-0.20132
-2.5924,0.11082
-2.4852,-0.10119
-2.9,-0.15097
-2.4968,-0.1921
2.1997,-3.5017
8.2486,-5.8127
11.157,11.034
0.63952,-1.9912
-2.6052,0.020477
-2.4505,0.18478
6.41,0.00058263
7.236,4.8645
-2.3687,0.3301
-2.6873,-0.20608
-1.6366,0.0053364
-2.7978,0.58636
15.773,-0.56512
-2.7609,0.096856
-2.733,0.31302
-2.6921,0.25146
-2.8794,0.28424
-2.8969,-0.0047309
-2.697,-0.054105
-2.8072,-0.29614
-2.3252,-0.16334
-2.858,-0.64441
-2.7778,-0.25644
-2.3466,0.094143
-1.9432,0.024125
7.6019,-5.9022
-2.2446,0.047821
-1.8706,0.87489
1.796,-3.2254
-2.7156,-0.11095
-2.8787,-0.11534
-2.5923,-0.0038307
-2.975,-0.3787
