-2.5334,0.08982
-1.8186,-0.12552
-2.803,0.3223
-2.4349,0.10536
-3.0241,0.28677
-2.2482,0.49461
-2.0942,0.29735
-2.8658,-0.15191
-2.3608,-0.35557
-2.0056,-0.21678
-2.0531,0.28392
-2.5228,0.15937
-2.8608,0.084431
-2.6754,0.45637
-2.5219,0.12616
-1.9034,0.17369
-2.6574,-0.52686
-2.646,1.099
-2.7906,-0.00085686
-2.2075,0.099114
-2.9101,0.22639
-2.3476,-0.34379
-2.747,-0.062069
-2.495,-0.42385
-2.3778,0.63272
14.71,-2.1527
-2.9123,-0.050401
-1.7552,-0.069379
-2.301,-0.52262
-2.5978,-0.17389
-2.2095,-0.50936
-1.961,-0.4144
-2.438,-0.16724
-2.4178,0.23538
-2.97,-0.26458
-2.7424,0.0095792
-2.4477,0.51991
-2.2646,-0.29634
-2.7868,-0.27212
-2.9475,-0.10042
9.7287,8.3434
-2.7843,-0.10957
-2.661,0.3294
-2.7528,-0.69775
-2.2781,0.47484
-2.0942,0.29735
-2.4828,0.70608
-2.1484,0.15664
-1.3423,0.14264
-2.9399,-0.1633
-2.1129,0.085557
-2.5102,-0.045359
-2.0531,0.28392
-1.9291,0.12887
-2.7645,-0.11218
10.041,10.207
-2.7031,0.26027
-2.9286,0.20228
-1.6839,-0.15034
13.283,-4.8572
-2.5807,-0.055317
-2.6467,-0.25592
-2.5517,0.2651
-2.9839,0.31437
-2.9787,1.2402
-2.6245,-0.27848
-2.3901,0.40124
-2.1801,0.15223
-2.6208,0.11051
13.263,-4.5036
-2.8028,0.091012
-2.5238,0.10795
-2.5442,0.3557
-2.7471,-0.24629
-2.6828,0.36699
-2.3737,0.035618
-3.0427,-0.18664
-3.1063,0.003455
12.273,-4.9713
-2.7246,-0.1423
-2.7844,0.028469
-2.8757,-0.014122
-2.6448,0.45246
-2.2806,0.19696
-2.7698,-0.16331
-2.5187,0.60859
1.3601,-0.28151
11.037,12.19
14.655,-2.0388
-2.5933,0.2565
-2.4671,-0.26795
-3.1458,-0.40373
-2.8381,0.0039712
-1.6718,-0.21754
-2.5008,0.066601
-2.7563,0.17878
-2.8714,-0.2804
-2.8565,0.29397
-2.7219,0.024941
-2.4273,0.049081
-2.2075,0.099114
-2.8093,-0.16089
-2.62,0.28394
8.1915,-5.6128
-2.4896,-0.33923
-1.868,-0.47938
10.938,6.2066
-2.2374,0.038469
-2.5438,-0.54243
-2.9119,0.027918
-2.2776,-0.35174
-3.0137,0.27696
-2.8391,-0.06155
-2.7005,0.25939
12.907,-4.89
-2.5338,0.16218
-2.62,0.28394
7.555,5.4511
10.045,-4.9981
-2.7553,0.00052002
2.2642,-3.4118
-2.7204,0.035037
-1.2855,-0.042428
-2.8439,-0.044871
-2.5356,0.006625
2.1654,-3.2529
-2.7608,0.19783
-2.6745,0.26731
-3.0372,-0.20026
-2.8155,-0.049234
-2.9976,-0.35271
9.6474,9.7092
13.418,-3.8101
-2.6998,0.17978
-2.4508,0.62909
13.416,-4.059
-2.7054,0.50787
-2.4314,0.11859
-2.6726,-0.37324
-1.3581,0.57308
-2.2458,0.015265
-2.8517,-0.16977
-2.1421,0.88562
-2.6603,0.85255
-2.5353,-0.16372
-2.0331,0.6881
-2.3608,-0.35557
14.097,3.5605
-2.772,-0.17191
-2.7097,0.031666
-2.858,0.14169
-2.7005,0.25939
-2.9546,-0.26295
-2.7852,-0.066456
-1.8852,-0.31156
-2.4012,0.23267
-2.5199,-0.44375
-2.5584,0.092737
-2.5807,-0.055317
-2.6909,0.085753
-2.2145,-0.42501
-2.3701,0.37196
-2.3042,0.16828
-2.602,0.16928
-2.5205,0.022213
-2.6198,0.41666
-2.8706,-0.26175
-2.4025,0.050824
-1.7595,0.0070928
-2.6851,0.35244
-2.6429,-0.39542
-2.6837,0.37226
-2.2679,-0.66595
-2.2892,0.28588
-2.9097,-0.027715
-2.7352,-0.46615
13.11,-4.9761
-2.5344,0.059421
-2.6912,-0.25682
-1.7056,0.71669
-2.9399,-0.045007
-3.0521,-0.32111
14.561,0.25991
-2.5849,0.33271
-2.3998,-0.36117
-2.6297,0.28707
-2.6734,-0.34613
-2.1782,0.61261
-2.9546,-0.26295
15.553,-1.1676
-2.6943,-0.048882
-2.5601,0.37446
-1.5063,-0.71243
-2.5532,-0.2566
-2.7157,-0.090175
10.395,9.561
-2.3487,0.083836
10.586,11.285
12.219,-4.6335
-2.9524,-0.20333
-2.4497,-0.52933
-2.5283,0.78176
13.113,-4.481
-2.8094,-0.063254
-2.8523,-0.053022
-2.9869,0.14815
-2.7249,0.14559
-2.8257,-0.21519
-1.8041,0.13017
-2.0608,-0.024679
-2.5943,-0.30271
-2.8224,0.45569
-2.5807,-0.055317
-2.9592,-0.21798
12.665,-4.9934
-2.4427,0.25556
-2.3998,-0.36117
-3.0581,-0.13833
-2.3345,0.32834
10.083,9.2432
-2.6916,0.041035
-2.2933,-0.1987
15.579,-0.50242
-1.4013,0.93194
12.975,-4.7834
12.916,-4.5496
-2.5529,0.073341
2.4462,-3.0209
-2.6759,0.0026425
-2.5474,0.065535
-2.2446,0.12905
-1.8775,-0.24586
-2.6874,-0.24626
-2.36,0.52003
-2.5366,-0.29089
-2.2432,0.37363
-2.6975,-0.31142
-1.4661,0.56647
-2.4547,-0.6138
-2.3904,0.53287
-2.4263,0.18465
-2.212,0.031169
-2.5655,0.43805
-2.8262,-0.31448
13.008,-3.7914
13.116,-4.608
-2.5941,-0.2544
-2.5685,0.5152
-2.3204,-0.40476
-2.7343,0.20558
15.081,-1.7856
12.643,-4.89
8.7495,-6.0913
-2.5251,-0.020241
-2.2781,0.47484
-2.0109,-0.20414
6.4252,-5.4305
-2.8488,0.05747
-2.5831,0.3683
-1.9915,-0.34875
-2.171,-0.19997
-2.4801,0.072075
-2.2423,-0.30104
-2.4145,0.091
-2.036,-0.297
-2.6127,0.10282
-2.8954,-0.21539
13.257,-4.1474
9.2162,7.7135
-2.5174,-0.06576
2.3764,-2.8454
-2.5996,0.27772
-2.7076,0.17239
-2.2892,-0.36719
-2.6359,-0.2881
10.908,10.265
-2.7889,-0.062445
-2.3587,-0.073963
-2.0182,0.3071
-2.9257,-0.051712
-2.654,0.5054
-2.9433,0.041689
12.83,-4.5172
-2.6147,0.17778
-2.8126,0.027464
-2.5685,0.5152
-2.6801,-0.049941
-2.8025,0.049754
-3.0979,-0.019824
11.876,-4.7809
9.0267,4.5705
-3.0477,0.028239
-1.2855,-0.042428
9.383,7.2409
-2.8426,0.27446
-2.9658,-0.26051
-2.5062,-0.16377
13.116,-4.608
-2.8925,-0.019651
13.175,-4.0612
-1.7831,-0.16753
-2.3624,0.37782
-2.9586,0.0021681
-2.0389,0.70618
-2.7446,0.10736
-2.4736,-0.19793
-1.9276,0.30978
-2.6645,-0.17738
4.958,-4.3834
-2.917,-0.28045
13.413,-4.001
-2.9525,-0.17987
-1.7433,0.66816
-0.97149,0.39786
-2.4484,-0.20553
6.0137,-4.9662
-1.8952,-0.10997
-2.7005,0.25939
1.0058,0.062095
-3.0097,-0.2953
-2.9475,-0.10042
-2.8295,-0.3688
-2.741,-0.091804
-2.3892,0.11332
-2.6958,0.46595
-3.1455,-0.25941
-2.3538,0.39158
-2.6197,-0.024681
-2.5601,0.37446
-2.9473,-0.12192
-1.4783,0.29018
-2.0254,0.52856
-2.6909,-0.32397
-2.6336,-0.18049
-2.3624,0.37782
-2.6322,0.046657
7.8598,-5.4917
-1.8952,-0.10997
-1.4661,0.56647
15.674,-0.030392
-2.5333,0.25092
10.428,11.747
-2.3892,0.11332
-2.9419,-0.081292
-2.3943,0.44553
-2.8608,0.084431
-2.6034,0.90163
-2.3026,0.51816
-2.7113,-0.23996
-2.4721,-0.070762
-2.4382,0.16913
-2.0275,0.097273
-2.1279,0.64414
-2.1998,-0.37819
-2.8857,-0.14673
-2.905,0.042831
-2.2433,-0.2905
-1.8738,0.52713
14.655,-2.0388
-2.7469,-0.027387
-2.7911,0.25189
-2.3837,0.44256
-2.3432,-0.53706
-2.0529,-0.0165
-2.8318,0.43541
-2.9086,-0.033147
-2.3747,0.14199
-2.4145,0.091
-1.9941,-0.22428
-2.6508,0.26623
-2.9158,-0.31279
-2.4318,-0.24226
-2.8295,-0.3688
-2.6532,0.016741
10.713,13.019
-2.4711,0.59611
8.0549,4.4932
-2.6895,0.078257
-2.6467,-0.25592
-2.6488,-0.29264
12.001,-4.5666
-2.1176,-0.057227
-2.5911,0.41098
-2.0231,0.041894
9.7204,8.722
-2.6746,-0.37989
-2.5212,0.079937
-2.4382,0.16913
-2.416,0.24653
-2.7749,0.27963
-1.8495,0.48117
-2.6177,-0.35725
-2.918,-0.33696
14.911,-1.5047
-2.8313,0.5608
-2.3829,0.0050485
-2.5199,-0.44375
-2.9311,0.098475
-2.6466,-0.059904
-2.7309,0.32877
7.8598,-5.4917
9.2618,7.6432
-2.7553,0.00052002
-2.4404,0.63091
-2.5461,-0.11266
-2.1903,-0.26075
-2.543,-0.46841
-2.52,0.42757
-2.8494,-0.5484
-2.5196,0.060098
-2.4025,0.050824
9.529,7.7354
-2.8786,-0.14836
-2.6604,-0.013351
-2.4282,-0.13273
-2.1087,-0.15508
4.778,-4.9188
-2.7375,-0.052121
-2.905,0.042831
-2.1783,0.10247
-2.2674,0.0029358
-2.4738,0.078266
7.4881,5.3967
-2.446,0.38914
-2.2174,-0.27258
0.44793,-1.423
-2.653,0.59572
13.663,-4.2019
-2.5474,-0.33295
10.478,11.792
-2.3532,0.14097
-2.9475,-0.10042
-2.1428,0.042894
-2.1692,0.14228
1.2291,5.0837
-2.2233,0.48514
-1.5634,-0.050689
-2.3599,0.28395
8.4431,5.962
-2.7474,-0.047427
-2.104,0.36679
-2.6228,-0.16918
-2.1485,0.32983
-1.9666,1.9649
-2.8138,-0.22239
12.516,-4.3635
-2.862,0.33709
-2.5228,0.15937
-2.4671,0.49892
-2.7061,0.48136
-2.6771,-0.46339
-2.0182,0.3071
-2.2813,-0.50153
-2.7855,0.37481
2.8295,-3.6528
-2.0631,0.8938
-2.5199,-0.44375
-2.2446,0.12905
-2.3195,0.55023
-2.4745,-0.37769
2.5187,-3.7114
-2.5338,0.16218
-2.1845,0.25181
-1.9817,-0.54566
13.549,-4.1697
13.283,-4.8572
-1.8466,0.80967
-2.2982,-0.16132
-2.752,-0.1073
-2.6379,0.072024
-2.9531,-0.0014205
-2.1199,-0.12004
9.5362,8.0221
-2.9355,-0.23511
-1.6887,-0.29838
-1.7433,0.66816
-1.616,0.10184
-2.631,-0.066503
-2.5461,-0.11266
-2.104,-0.4001
-2.9629,0.0073225
-2.3727,-0.0010785
-3.0266,-0.25611
-1.4783,0.29018
-2.3383,0.026594
-3.0476,0.11933
-2.2864,-0.16205
-2.343,0.58941
-2.8495,-0.011254
-2.1917,0.36241
-2.4389,0.45509
13.001,-4.6912
-1.7672,-0.23366
-2.7333,-0.2359
7.8598,-5.4917
13.392,-4.1426
-2.4084,-0.48439
5.4658,-4.8672
-2.5008,0.066601
-2.5555,0.20526
-2.4828,0.70608
-2.6308,-0.10012
9.2995,9.8679
-1.3947,0.71039
-1.9073,0.37007
-2.9458,0.16997
-2.7738,-0.43965
-2.7748,0.09047
-2.6686,0.023829
-2.0331,0.6881
-2.1305,-0.086461
-2.0641,-0.06875
8.3925,5.749
-2.2883,0.081135
-2.8381,0.0039712
10.231,9.4948
-2.1469,-0.094468
-2.7539,-0.24606
-2.0441,0.61097
-2.3916,-0.097463
-2.6075,0.26497
-2.6715,-0.091231
-1.6726,0.12326
-2.6492,0.43834
-2.5354,0.18504
1.5071,-2.7751
-2.5876,0.22165
-2.0488,0.11316
-2.5985,0.030901
-2.9458,0.16997
-2.8136,-0.048387
13.298,-4.5439
-3.1853,-0.070874
-2.8357,0.2375
-2.4416,-0.27626
-3.0937,-0.13454
-2.8123,0.0448
-2.6448,0.45246
-2.1307,0.5269
-1.7433,0.66816
-2.5188,-0.24095
-2.931,-0.032391
-2.3901,0.40124
-2.4613,-0.68303
-2.0164,0.50441
-2.4941,-0.047987
-2.236,1.1577
-2.2679,-0.66595
-2.2376,-0.66522
-2.9524,-0.14883
-2.4138,0.54242
10.805,11.551
-2.3828,-0.33415
-2.7684,0.26403
-2.6228,-0.16918
-2.9693,-0.099009
-2.7785,0.29406
-2.7852,-0.079465
-2.2527,-0.21784
-2.0124,-0.069896
-2.6903,-0.046976
-1.9941,-0.20532
-2.9839,-0.027089
-2.4327,0.1697
-1.5155,0.091512
-2.4727,0.36982
-2.2745,-0.023466
-2.6639,0.018639
-1.7724,-0.055523
10.494,11.453
-2.3453,-0.0028958
-1.3947,0.71039
-2.9097,-0.027715
10.151,8.8953
-2.705,0.17067
-2.104,0.36679
-2.0347,-0.52658
13.41,-3.3972
-3.0342,-0.094929
-2.5893,-0.043817
-2.0404,-0.55242
-2.6943,0.10821
-2.6566,0.31626
-2.7599,-0.27856
5.086,-4.9765
9.9955,8.97
8.7055,7.683
-2.8847,0.030571
-2.554,-0.47736
-2.571,0.59686
-2.6167,-0.16158
-2.7223,-0.23019
-2.938,0.22641
-2.239,-0.50159
9.6023,7.9231
-2.7123,0.26971
-2.6488,-0.29264
-2.4238,0.6774
-3.0497,-0.060045
2.4462,-3.0209
-2.9293,0.14736
-2.3364,-0.14213
-1.2912,1.6658
-2.6005,0.21456
-2.6828,0.28731
-2.4943,-0.25508
5.6943,-3.2326
-3.1017,-0.1064
-2.4752,0.36274
-2.5008,0.066601
-2.6648,-0.25206
-2.8188,-0.032934
-2.3942,0.23767
-2.0551,-0.3441
-2.4157,0.79961
-2.4305,0.61822
-2.4985,0.62179
-2.9658,-0.26051
1.2262,2.5992
-2.4721,-0.070762
-2.7469,-0.027387
-2.6127,0.10282
-2.803,0.3223
-3.0642,-0.16152
13.416,-4.059
-1.6094,-0.27501
0.27997,1.0274
-2.7226,-0.19576
-2.0551,-0.3441
-2.7119,-0.4959
-2.1865,-0.10113
-2.554,-0.47736
-2.7645,-0.11218
-2.2128,-0.059403
-2.8239,0.15941
-2.5287,-0.19973
-2.6652,0.47423
1.3601,-0.28151
-2.7469,-0.30585
-2.8474,-0.34293
-2.3422,0.29599
-2.9772,-0.034473
-2.0304,-0.084179
-2.8149,0.30959
14.447,-0.68617
15.599,-0.65815
-2.7582,-0.39258
-2.4038,0.27733
-2.2759,0.17879
-2.609,0.40745
-2.8313,0.5608
14.804,-0.99667
-2.3593,0.20412
7.9792,5.858
3.2109,-2.8441
-2.8621,-0.16746
-2.2892,-0.36719
-2.0629,-0.12427
-2.2794,0.38065
7.3608,6.4001
-2.4481,0.2534
-1.616,0.10184
-2.2437,-0.08801
-2.2275,0.034127
-2.9963,0.041562
-2.6657,-0.15309
8.9862,8.4148
-2.6574,-0.52686
-2.8709,0.34823
-3.0645,0.13024
1.2291,5.0837
-2.5354,0.18504
-2.5909,0.23756
-2.8565,0.29397
-2.4268,0.29286
7.3203,-5.4443
-2.7162,-0.035794
-2.2677,0.25051
-2.0304,-0.084179
-2.5914,-0.29616
-1.9022,0.49815
-2.4145,0.091
-2.1324,0.43105
-2.9119,0.027918
-2.5345,-0.42624
-2.4518,-0.24048
8.506,-5.7415
-1.7474,-0.81936
-2.5344,0.059421
-2.3489,-0.45439
5.7617,-4.6621
-2.4842,-0.11711
-2.4497,0.48218
-2.8038,-0.1214
13.562,2.6959
-2.7713,0.22754
-2.9389,-0.45921
-2.9149,0.22188
-2.2047,0.10661
-2.3142,-0.071931
-2.8094,-0.063254
-3.0521,-0.32111
-2.3588,-0.26742
10.351,11.521
7.0493,4.1831
10.61,9.4674
-2.9865,-0.0082429
13.551,-3.4885
-1.9979,0.046506
-2.7108,-0.15463
-2.3409,0.7594
-2.8206,0.265
13.001,-4.6912
-1.9122,-0.55602
-2.1161,0.52812
-2.5371,0.43148
-2.7228,-0.23191
-1.9499,1.0472
-2.7081,1.1804
-2.6039,-0.11297
-2.6909,-0.32397
7.8448,-5.2544
-2.2818,0.045203
-2.791,0.31614
-1.8854,-0.0058348
-2.9152,-0.14182
-2.2945,0.25941
-2.3476,0.47025
-2.4268,0.058383
-2.2339,0.43217
-2.4214,0.29284
-2.4314,-0.17572
-2.5717,0.21602
-2.728,-0.17174
-1.3915,-0.54837
6.3061,-5.548
-2.7204,0.035037
-2.4043,0.048338
-2.5371,0.43148
-2.5545,0.21808
8.281,-5.2223
-2.7162,-0.38604
-2.4497,0.48218
1.5218,-3.1307
-2.2142,-0.33718
-2.75,-0.12079
-2.5822,0.57526
0.27997,1.0274
13.364,-4.4354
-2.7391,0.35368
-2.2776,-0.35174
-3.0107,0.19707
-2.3415,0.77533
-2.5331,0.27182
-2.6868,0.39462
-2.3283,0.34125
-2.2785,-0.15913
-2.2742,-0.080329
-2.8286,-0.25879
5.4658,-4.8672
-2.4298,-0.2895
-2.4469,-0.10005
-2.791,0.31614
-2.3887,-0.052317
-2.751,-0.16369
-2.9362,0.011721
-2.443,0.73988
-1.7474,-0.81936
-2.9437,-0.050728
-2.2688,-0.19929
-2.7562,-0.25069
-2.4413,-0.30645
-2.5356,0.006625
5.6943,-3.2326
-2.5178,0.30591
10.036,9.1419
-2.3506,-0.34754
-2.4084,-0.48439
-2.6569,0.11578
-2.3787,-0.020689
-2.6802,0.038736
-2.5656,0.70434
-1.951,0.31148
-2.2423,-0.30104
-1.5713,-0.35041
0.43728,-1.266
10.805,11.551
8.6204,-5.7045
-2.7814,-0.5726
-2.922,0.272
-3.1458,-0.40373
-2.7125,0.029597
-2.6918,0.070576
-2.7228,-0.23191
-2.7523,-0.41924
-2.4759,-0.39242
7.0493,4.1831
-2.4075,0.33813
-2.6107,-0.16996
-2.3453,0.17843
14.495,-1.206
9.7016,-4.9501
-2.695,0.20558
-2.5204,-0.17879
8.7495,-6.0913
-2.0608,-0.024679
-1.0714,0.77248
-2.9389,-0.45921
-2.1176,-0.057227
-2.7539,-0.24606
-2.0564,-0.0052261
-2.6574,-0.52686
-2.6955,0.27541
-2.7097,0.031666
-2.4413,-0.30645
-1.7778,0.18612
-2.1625,0.43301
-2.0027,0.47637
-2.0641,-0.06875
-2.747,0.85221
5.8341,-4.7671
-2.7925,0.11843
-2.4408,0.09796
13.7,-2.8432
-2.3288,-0.33812
-2.4682,0.47363
6.0137,-4.9662
-2.9277,0.062047
-1.9816,0.01348
-2.499,0.014617
-1.7168,1.1187
-1.7552,-0.069379
-2.5102,-0.045359
-2.8239,0.15941
2.0653,-3.6842
-2.5328,0.11582
-2.6685,0.070656
14.804,-0.99667
-2.9201,0.13344
-2.9311,0.098475
-2.5685,0.5152
-2.7084,-0.059323
-2.2095,-0.50936
-2.5503,0.3264
-2.4752,0.36274
-2.7171,0.18255
-2.341,0.69155
14.987,-1.5608
-2.6508,0.11632
-2.5486,-0.21315
-2.7123,-0.18438
-2.52,-0.3925
-2.4824,0.27663
-2.446,0.38914
-2.728,-0.17174
-2.7412,-0.40929
-2.7311,0.082714
7.0563,-1.6624
-2.3354,0.049055
10.11,8.2352
-2.4491,-0.57695
-2.2985,0.47203
-2.096,1.2064
-2.2993,0.60658
-2.5635,-0.10165
-2.895,0.14939
-2.8457,-0.47665
-2.5354,0.18504
-2.862,-0.038501
-2.7162,0.12485
15.533,-1.0524
-2.343,0.58941
-2.0615,-0.41395
-2.7459,-0.40741
-2.9638,-0.15493
-2.1219,-0.39021
-2.5805,-0.5355
-1.6927,0.23531
-2.7151,-0.25928
12.28,0.62104
14.598,-2.4776
-2.6007,-0.071814
-2.7501,-0.084804
-1.8352,0.47925
-2.5572,0.5407
-2.916,-0.34273
-2.0785,-0.12826
-2.9615,-0.14042
-2.6215,-0.15291
-2.5943,-0.30271
-2.8432,-0.58378
-2.4859,-0.30249
-1.5205,-0.19351
-2.8865,0.50042
-2.8881,0.060188
-2.7599,-0.27856
-2.7127,-0.43684
-2.7361,-0.55243
-2.3331,0.63699
-1.4521,0.3607
-2.753,-0.23574
-1.841,0.029152
-2.6702,-0.1045
-2.6053,0.48201
-2.599,0.51823
-2.1444,-0.5102
-2.2346,0.5248
-2.8634,-0.24885
-2.8138,0.19723
-2.7261,0.09329
-2.5555,0.20526
-2.773,0.087115
-2.7188,0.2857
-2.9976,-0.35271
-2.375,0.3221
-2.4208,0.60462
-2.753,0.18427
-2.2387,0.013105
-2.3911,-0.062309
-2.0769,0.33218
-2.7069,0.21729
9.787,5.5911
3.2109,-2.8441
-2.735,-0.39972
-2.2719,-0.26982
-2.6568,0.13238
-3.0581,-0.13833
-2.6619,0.71621
-2.7959,-0.33047
6.8669,-4.3899
-2.8318,0.43541
9.8101,5.3566
-2.2933,-0.1987
-2.8847,-0.036228
-2.6833,0.23233
-2.8401,0.35579
-2.5789,-0.42709
-1.5713,-0.35041
-2.2443,-0.16001
8.0975,5.7171
-2.5228,0.15937
-2.5483,0.19798
-2.346,0.88638
-2.8188,-0.032934
-2.6795,-0.32889
-2.3513,0.24201
-2.4319,-0.055625
-2.1263,0.57489
-2.1041,0.56959
-2.2473,-0.14809
-2.6222,0.22971
-2.4889,-0.07345
14.471,-1.5394
-2.7539,-0.24606
-2.667,-0.3044
-2.2102,0.50935
9.7016,-4.9501
15.502,-1.1378
-2.6657,0.11404
7.0325,5.0174
-2.7198,-0.16576
-2.5943,-0.30271
-2.8638,0.43991
-2.2463,0.29272
-2.5356,0.006625
-2.2726,0.32846
-2.6409,-0.2109
-2.191,0.79409
-2.8678,0.18413
-1.5239,0.097435
12.756,-4.6653
-1.8795,0.82999
13.133,-4.6411
-2.7983,0.018894
8.4292,-5.7843
-3.0762,0.00061998
-2.5794,0.39751
6.4252,-5.4305
-2.6627,-0.28445
-2.6179,-0.16316
-2.6309,0.013605
-2.7162,0.38667
-2.1371,0.4646
13.216,-4.2763
-2.905,-0.30257
-2.471,-0.50527
-2.5759,0.47735
-2.2143,-0.032763
-2.0759,-0.088047
-2.5508,0.64944
-2.6352,0.16127
8.1915,-5.6128
-2.6075,0.26497
-2.584,0.22902
-2.7542,0.39292
15.098,-1.4682
-2.7785,0.29406
9.6091,8.2281
-1.8512,0.15945
-2.5799,-0.045492
-2.4979,-0.041037
-2.9282,-0.34258
-2.2334,0.42154
-2.6937,-0.12387
-1.7608,0.51868
-2.8664,-0.033779
14.598,-2.4776
-2.6497,0.095121
-2.6685,0.070656
-2.4497,0.48218
0.33151,-2.1119
11.608,0.22272
-2.316,0.5168
-2.4738,0.078266
-2.212,0.031169
-2.5881,0.36044
-2.3476,-0.082755
-2.0404,-0.55242
-2.2669,-0.28779
-2.8247,-0.010703
-2.6704,-0.045281
13.113,-4.481
-2.5102,0.50467
-2.8333,-0.075791
-2.5714,0.094567
13.904,-2.2754
-2.6391,0.32177
-2.617,0.32827
-2.6897,-0.38908
-1.7911,0.041308
-2.7465,-0.19778
-2.6745,0.26731
-2.6492,0.43834
-2.351,0.64663
-2.4601,-0.25001
-2.0555,0.044903
-1.784,-0.60529
-2.4711,0.41418
-2.4817,0.026846
-2.7157,-0.090175
6.488,3.7643
-2.5353,-0.16372
13.366,-2.9241
-2.6605,0.54819
-1.3128,-0.78499
-2.1483,0.31348
-2.3507,-0.59985
-2.8441,0.36286
-2.7118,0.049113
-2.5325,0.085197
3.2525,-3.4147
-2.4716,-0.54514
-1.8925,0.21835
-2.6577,0.57715
-2.8449,0.16332
10.895,11.059
-2.5197,0.30218
-2.9152,-0.14182
-2.7469,-0.30585
-2.2403,-0.44687
-1.5536,0.60791
15.376,-0.72379
-2.7145,-0.40674
-2.3893,0.68514
7.2781,5.3035
-2.7855,0.37481
-3.0762,-0.26517
-2.5371,0.43148
-2.5163,-0.084406
-2.8258,0.044611
-2.7188,0.2857
-2.3445,-0.26055
-2.8257,-0.21519
9.2612,8.7082
-2.5928,0.076108
-2.7813,0.282
-2.9056,0.45338
-2.1917,0.36241
-2.415,0.31448
-2.3506,-0.34754
-2.6432,0.20502
-1.929,-0.55636
-3.0695,-0.25764
-2.1584,-0.21207
-3.0496,-0.098886
-2.3802,-0.089529
-2.6886,-0.24108
-2.4979,0.91514
-2.9697,-0.0084543
-2.5655,0.43805
-2.3219,-0.52745
-2.0277,-0.37034
-2.7123,0.26971
-2.4015,0.13804
-2.8147,-0.14764
-2.6734,-0.34613
7.9771,7.6453
14.598,-2.4776
15.86,-0.52773
-2.8457,-0.47665
-2.6437,0.21977
-2.0551,-0.3441
-2.5361,0.13563
9.5531,7.8763
-3.2078,-0.3522
-2.4894,-0.0054685
-3.0414,-0.16759
-1.2912,1.6658
-1.868,-0.47938
7.8083,-5.5915
-2.772,-0.17191
-2.346,0.88638
-2.1263,0.57489
11.546,1.5018
-2.3475,-0.22795
9.9955,8.97
-2.7958,-0.0022425
-2.1469,-0.094468
-2.1378,-0.092548
-1.6981,-0.62939
-2.9798,-0.36416
-2.6811,-0.12446
15.782,-0.37214
13.298,-4.5439
-2.693,0.35171
-2.5799,0.16068
-2.8313,0.5608
-3.0343,0.003039
-1.7649,-0.42347
1.2291,5.0837
-2.3142,-0.071931
-2.8994,0.045139
-2.5203,-0.24556
-2.2645,0.83119
7.4868,-5.5422
-2.8591,-0.039043
-2.5056,0.37986
-2.8427,-0.094432
-1.9684,0.3799
-2.8235,0.71748
-1.8186,-0.12552
-2.3886,0.10997
-2.4624,-0.26201
1.2193,0.31654
13.116,-4.608
-2.5339,0.0044482
-2.6555,-0.53888
10.419,8.7639
-2.9762,-0.19103
-2.4709,-0.10986
-2.3623,0.022192
-2.5723,-0.05185
-1.784,-0.60529
12.191,-4.9608
-2.9629,0.0073225
-2.1657,0.33307
-2.7669,-0.52254
10.115,7.2879
-2.9636,-0.026232
-1.9066,0.088202
-2.0622,-0.3956
-3.0343,0.003039
-2.5293,-0.40279
-2.794,-0.17282
9.7194,9.6852
-2.2162,0.50451
-2.7522,-0.05792
-2.9173,0.32592
-2.8713,0.133
12.191,-4.9608
-2.5805,-0.5355
-3.001,0.0052906
-2.6034,0.90163
-2.5474,-0.33295
-2.7925,0.11843
-2.3409,0.7594
-1.9915,-0.34875
-2.456,0.17654
-2.1646,-0.15692
-2.6306,0.31351
-2.2269,0.48425
-2.3702,0.114
-3.0477,0.028239
-2.6442,-0.021916
7.437,5.902
-2.1161,0.52812
-2.032,-0.043897
-2.8138,0.19723
-2.4847,-0.36735
-2.6334,-0.2507
-2.7934,0.022069
2.8295,-3.6528
-2.9157,0.022114
-2.5901,0.14801
5.3158,-3.1
-2.7835,0.14749
-1.7997,0.89161
-1.961,-0.4144
-2.1884,-0.016544
-2.8188,-0.032934
-2.7024,0.072715
-2.8664,-0.033779
-2.8237,0.2157
-2.7002,0.29765
-1.9941,-0.20532
-2.629,0.42474
11.994,-4.3768
12.516,-4.3635
-2.661,0.3294
-2.7266,-0.079156
-2.6715,-0.091231
-2.5043,0.16671
-2.4368,0.0063369
-2.5395,-0.1826
-2.8364,0.15953
-2.7785,0.29406
-2.0923,0.3726
-2.9551,0.063087
14.791,-1.6368
-2.4305,0.48686
-2.6321,0.27448
-2.6147,0.17778
-2.7618,0.50828
-1.6557,0.48148
-2.6147,-0.43265
-2.1469,-0.094468
-2.2471,-0.16129
-2.4501,-0.28388
10.613,8.347
-2.5741,-0.12171
10.713,13.019
-2.3728,0.26659
-2.2331,0.18241
-2.3164,0.49048
-2.5442,0.3557
-2.8129,0.11001
-2.5442,0.3557
-2.7206,-0.094885
-1.128,0.33167
5.7846,-3.2621
-2.74,0.060724
-2.0551,-0.3441
-2.4671,0.49892
-2.3587,-0.073963
-2.8586,0.55825
-2.7891,0.32406
-2.2628,0.51942
-2.5973,-0.22897
-2.8449,0.16332
-2.645,-0.0065486
-2.6557,-0.58126
-2.8906,-0.078798
-2.2437,-0.08801
-1.7672,-0.23366
-1.9355,-0.16116
15.098,-1.4682
-2.8517,-0.16977
-2.3819,-0.12055
-2.2136,0.95675
-2.4477,0.51991
8.8275,-5.5525
-2.7333,-0.2359
-2.2646,-0.24749
-1.963,0.36813
7.9771,7.6453
-2.8776,-0.196
-2.5705,0.29572
-2.6442,-0.021916
-2.6262,-0.23294
-2.9239,-0.074106
15.533,-1.0524
-2.3616,0.44347
-2.4477,0.51991
-2.4448,0.22174
-2.1713,-0.62364
-2.7296,-0.086718
-1.9291,0.12887
-2.6099,0.18589
-2.6262,-0.23294
5.7846,-3.2621
-2.4043,0.048338
-2.7523,-0.41924
-2.0362,0.68626
-2.7731,0.473
-2.5493,-0.0042506
-2.7404,0.03999
-2.2561,-0.50138
-2.9301,0.46817
-2.1221,-0.22844
-2.7689,0.028159
-2.9119,0.027918
-2.8708,-0.2655
-2.3211,-0.019471
-2.1927,-0.29751
7.696,4.9946
-2.2471,-0.16129
-3.1037,-0.15726
-1.6718,-0.21754
9.6452,8.0882
-2.5212,0.64703
8.5828,-5.6632
-2.8443,0.21063
-2.839,-0.085257
-1.9816,0.01348
-2.3832,-0.21032
-2.0117,0.41964
-2.3219,-0.52745
12.756,-4.6653
-2.955,-0.054897
-1.741,0.1062
-2.2549,0.10132
-2.6473,-0.31995
-2.2818,0.045203
-2.7869,0.21706
-2.5602,0.25549
5.1847,-4.8408
-2.608,-0.41531
-2.3942,0.23767
-3.0324,0.096128
8.6526,7.127
-2.9362,0.011721
-1.7848,0.62128
-3.0342,-0.094929
8.8275,-5.5525
-2.3043,0.28236
-2.6503,-0.41048
-2.8391,-0.06155
-2.301,-0.52262
10.122,9.0003
-2.2873,-0.11102
-2.0777,1.0117
-2.837,-0.069017
-2.1866,-0.43502
-2.566,0.088397
-2.8147,-0.14764
-2.9481,-0.27634
7.2987,-5.2859
-2.7647,-0.081027
-2.5636,-0.084674
-2.2527,-0.21784
